# Band 61 from P4mcc-bands-soc.dat
# Original plotting-script index j = 60
# Energy column is E - E_F in eV; Fermi level is therefore at 0 eV in these files.
# Columns: k_distance  energy_minus_EF_eV
0 -1.48545
0.000776178 -1.48535
0.00155235 -1.48515
0.00232853 -1.48485
0.00310471 -1.48445
0.00388089 -1.48385
0.00465706 -1.48315
0.00543324 -1.48225
0.00620942 -1.48195
0.0069856 -1.48395
0.00776177 -1.48625
0.00853795 -1.48875
0.00931413 -1.49155
0.0100903 -1.49455
0.0108665 -1.49785
0.0116427 -1.50125
0.0124188 -1.50495
0.013195 -1.50875
0.0139712 -1.51285
0.0147474 -1.51705
0.0155235 -1.52135
0.0162997 -1.52585
0.0170759 -1.53045
0.0178521 -1.53515
0.0186283 -1.53995
0.0194044 -1.54485
0.0201806 -1.54975
0.0209568 -1.55465
0.021733 -1.55965
0.0225091 -1.56455
0.0232853 -1.56945
0.0240615 -1.57435
0.0248377 -1.57915
0.0256138 -1.58395
0.02639 -1.58855
0.0271662 -1.59315
0.0279424 -1.59755
0.0287186 -1.60195
0.0294947 -1.60615
0.0302709 -1.61015
0.0310471 -1.61405
0.0318233 -1.61775
0.0325994 -1.62135
0.0333756 -1.62465
0.0341518 -1.62785
0.034928 -1.63075
0.0357042 -1.63345
0.0364803 -1.63585
0.0372565 -1.63805
0.0380327 -1.63995
0.0388089 -1.64155
0.039585 -1.64275
0.0403612 -1.64365
0.0411374 -1.64415
0.0419136 -1.64435
0.0426897 -1.64405
0.0434659 -1.64325
0.0442421 -1.64205
0.0450183 -1.64045
0.0457945 -1.63825
0.0465706 -1.63575
0.0473468 -1.63275
0.048123 -1.62935
0.0488992 -1.62575
0.0496753 -1.62175
0.0504515 -1.61775
0.0512277 -1.61355
0.0520039 -1.60955
0.0527801 -1.60585
0.0535562 -1.60265
0.0543324 -1.60035
0.0551086 -1.59915
0.0558848 -1.59925
0.0566609 -1.60045
0.0574371 -1.60245
0.0582133 -1.60475
0.0589895 -1.60715
0.0597656 -1.60955
0.0605418 -1.61165
0.061318 -1.61355
0.0620942 -1.61505
0.0628704 -1.61625
0.0636465 -1.61695
0.0644227 -1.61715
0.0651989 -1.61665
0.0659751 -1.61525
0.0667512 -1.61125
0.0675274 -1.60295
0.0683036 -1.59355
0.0690798 -1.58485
0.069856 -1.57705
0.0706321 -1.57045
0.0714083 -1.56495
0.0721845 -1.56045
0.0729607 -1.55685
0.0737368 -1.55415
0.074513 -1.55215
0.0752892 -1.55085
0.0760654 -1.55005
0.0768415 -1.54985
0.0768415 -1.54985
0.0776177 -1.54335
0.0783939 -1.53505
0.0791701 -1.52995
0.0799463 -1.52985
0.0807224 -1.53355
0.0814986 -1.53945
0.0822748 -1.54635
0.083051 -1.55385
0.0838271 -1.56175
0.0846033 -1.56985
0.0853795 -1.57815
0.0861557 -1.58655
0.0869319 -1.59505
0.087708 -1.60355
0.0884842 -1.61195
0.0892604 -1.62035
0.0900366 -1.62875
0.0908127 -1.63705
0.0915889 -1.64515
0.0923651 -1.65325
0.0931413 -1.66115
0.0939174 -1.66895
0.0946936 -1.67665
0.0954698 -1.68405
0.096246 -1.69135
0.0970222 -1.69855
0.0977983 -1.70545
0.0985745 -1.71225
0.0993507 -1.71895
0.100127 -1.72535
0.100903 -1.73165
0.101679 -1.73785
0.102455 -1.74385
0.103232 -1.74965
0.104008 -1.75545
0.104784 -1.76105
0.10556 -1.76655
0.106336 -1.77205
0.107112 -1.77745
0.107889 -1.78275
0.108665 -1.78805
0.109441 -1.79335
0.110217 -1.79865
0.110993 -1.80395
0.11177 -1.80925
0.112546 -1.81465
0.113322 -1.82015
0.114098 -1.82565
0.114874 -1.83135
0.11565 -1.83705
0.116427 -1.84295
0.117203 -1.84905
0.117979 -1.85515
0.118755 -1.86145
0.119531 -1.86785
0.120307 -1.87435
0.121084 -1.88095
0.12186 -1.88745
0.122636 -1.89395
0.123412 -1.90045
0.124188 -1.90675
0.124965 -1.91295
0.125741 -1.91905
0.126517 -1.92495
0.127293 -1.93065
0.128069 -1.93625
0.128845 -1.94165
0.129622 -1.94685
0.130398 -1.95185
0.131174 -1.95675
0.13195 -1.96135
0.132726 -1.96565
0.133502 -1.96975
0.134279 -1.97355
0.135055 -1.97695
0.135831 -1.98005
0.136607 -1.98265
0.137383 -1.98495
0.13816 -1.98675
0.138936 -1.98805
0.139712 -1.98905
0.140488 -1.98945
0.141264 -1.98955
0.14204 -1.98925
0.142817 -1.98865
0.143593 -1.98775
0.144369 -1.98665
0.145145 -1.98535
0.145921 -1.98405
0.146697 -1.98275
0.147474 -1.98145
0.14825 -1.98045
0.149026 -1.97985
0.149802 -1.97965
0.150578 -1.97995
0.151355 -1.98085
0.152131 -1.98185
0.152907 -1.98255
0.153683 -1.98285
0.153683 -1.98285
0.154781 -1.98225
0.155878 -1.98075
0.156976 -1.97865
0.158074 -1.97685
0.159171 -1.97565
0.160269 -1.97555
0.161367 -1.97665
0.162465 -1.97875
0.163562 -1.98175
0.16466 -1.98555
0.165758 -1.98985
0.166855 -1.99435
0.167953 -1.99875
0.169051 -2.00275
0.170148 -2.00575
0.171246 -2.00745
0.172344 -2.00725
0.173441 -2.00455
0.174539 -1.99905
0.175637 -1.99085
0.176734 -1.98015
0.177832 -1.96745
0.17893 -1.95385
0.180027 -1.94105
0.181125 -1.93135
0.182223 -1.92485
0.18332 -1.92035
0.184418 -1.91665
0.185516 -1.91345
0.186614 -1.91045
0.187711 -1.90765
0.188809 -1.90485
0.189907 -1.90215
0.191004 -1.89945
0.192102 -1.89675
0.1932 -1.89415
0.194297 -1.89145
0.195395 -1.88875
0.196493 -1.88605
0.19759 -1.88325
0.198688 -1.88005
0.199786 -1.87595
0.200883 -1.86805
0.201981 -1.85475
0.203079 -1.83955
0.204176 -1.82485
0.205274 -1.81115
0.206372 -1.79845
0.207469 -1.78665
0.208567 -1.77585
0.209665 -1.76575
0.210762 -1.75645
0.21186 -1.74765
0.212958 -1.73935
0.214056 -1.73155
0.215153 -1.72395
0.216251 -1.71675
0.217349 -1.70965
0.218446 -1.70275
0.219544 -1.69595
0.220642 -1.68925
0.221739 -1.68255
0.222837 -1.67585
0.223935 -1.66905
0.225032 -1.66225
0.22613 -1.65545
0.227228 -1.64845
0.228325 -1.64145
0.229423 -1.63435
0.230521 -1.62715
0.231618 -1.61985
0.232716 -1.61255
0.233814 -1.60515
0.234911 -1.59775
0.236009 -1.59035
0.237107 -1.58295
0.238204 -1.57555
0.239302 -1.56815
0.2404 -1.56095
0.241498 -1.55375
0.242595 -1.54675
0.243693 -1.53985
0.244791 -1.53315
0.245888 -1.52675
0.246986 -1.52055
0.248084 -1.51465
0.249181 -1.50905
0.250279 -1.50375
0.251377 -1.49895
0.252474 -1.49445
0.253572 -1.49045
0.25467 -1.48695
0.255767 -1.48415
0.256865 -1.48295
0.257963 -1.48355
0.25906 -1.48435
0.260158 -1.48495
0.261256 -1.48535
0.262353 -1.48545
0.262353 -1.48545
0.263098 -1.48565
0.263842 -1.48645
0.264587 -1.48775
0.265331 -1.48955
0.266076 -1.49195
0.26682 -1.49495
0.267564 -1.49865
0.268309 -1.50295
0.269053 -1.50815
0.269798 -1.51405
0.270542 -1.52095
0.271287 -1.52885
0.272031 -1.53775
0.272775 -1.54795
0.27352 -1.55925
0.274264 -1.57185
0.275009 -1.58575
0.275753 -1.60075
0.276497 -1.61695
0.277242 -1.63425
0.277986 -1.65245
0.278731 -1.67155
0.279475 -1.69135
0.28022 -1.71175
0.280964 -1.73265
0.281708 -1.75395
0.282453 -1.77545
0.283197 -1.79705
0.283942 -1.80785
0.284686 -1.81005
0.285431 -1.81245
0.286175 -1.81505
0.286919 -1.81775
0.287664 -1.82075
0.288408 -1.82405
0.289153 -1.82745
0.289897 -1.83115
0.290642 -1.83515
0.291386 -1.83925
0.29213 -1.84365
0.292875 -1.84835
0.293619 -1.85325
0.294364 -1.85825
0.295108 -1.86355
0.295852 -1.86905
0.296597 -1.87475
0.297341 -1.88065
0.298086 -1.88665
0.29883 -1.89285
0.299575 -1.89915
0.300319 -1.90555
0.301063 -1.91215
0.301808 -1.91875
0.302552 -1.92535
0.303297 -1.93215
0.304041 -1.93885
0.304786 -1.94565
0.30553 -1.95245
0.306274 -1.95925
0.307019 -1.96595
0.307763 -1.97265
0.308508 -1.97935
0.309252 -1.98605
0.309997 -1.99265
0.310741 -1.99925
0.311485 -2.00585
0.31223 -2.01235
0.312974 -2.01895
0.313719 -2.02545
0.314463 -2.03205
0.315207 -2.03855
0.315952 -2.04525
0.316696 -2.05195
0.317441 -2.05875
0.318185 -2.06575
0.31893 -2.07285
0.319674 -2.08015
0.320418 -2.08755
0.321163 -2.09525
0.321907 -2.10315
0.322652 -2.11125
0.323396 -2.11965
0.324141 -2.12825
0.324885 -2.13725
0.325629 -2.14645
0.326374 -2.15605
0.327118 -2.16585
0.327863 -2.17605
0.328607 -2.18645
0.329351 -2.19725
0.330096 -2.20835
0.33084 -2.21985
0.331585 -2.21825
0.332329 -2.20945
0.333074 -2.20065
0.333818 -2.19175
0.334562 -2.18275
0.335307 -2.17365
0.336051 -2.16455
0.336051 -2.16455
0.336827 -2.16905
0.337604 -2.17285
0.33838 -2.17595
0.339156 -2.17815
0.339932 -2.17955
0.340708 -2.18005
0.341485 -2.17975
0.342261 -2.17855
0.343037 -2.17645
0.343813 -2.17355
0.344589 -2.16985
0.345365 -2.16525
0.346142 -2.15995
0.346918 -2.15385
0.347694 -2.14705
0.34847 -2.13965
0.349246 -2.13155
0.350022 -2.12275
0.350799 -2.11345
0.351575 -2.10355
0.352351 -2.09305
0.353127 -2.08215
0.353903 -2.07075
0.35468 -2.05895
0.355456 -2.04665
0.356232 -2.03405
0.357008 -2.02115
0.357784 -2.00785
0.35856 -1.99435
0.359337 -1.98055
0.360113 -1.96655
0.360889 -1.95235
0.361665 -1.93805
0.362441 -1.92355
0.363218 -1.90905
0.363994 -1.89455
0.36477 -1.87995
0.365546 -1.86545
0.366322 -1.85105
0.367098 -1.83675
0.367875 -1.82255
0.368651 -1.80865
0.369427 -1.79495
0.370203 -1.78155
0.370979 -1.76855
0.371755 -1.75585
0.372532 -1.74365
0.373308 -1.73195
0.374084 -1.72075
0.37486 -1.71015
0.375636 -1.70015
0.376413 -1.69085
0.377189 -1.68215
0.377965 -1.67425
0.378741 -1.66705
0.379517 -1.66065
0.380293 -1.65495
0.38107 -1.65005
0.381846 -1.64585
0.382622 -1.64235
0.383398 -1.63965
0.384174 -1.63845
0.38495 -1.64415
0.385727 -1.65015
0.386503 -1.65625
0.387279 -1.66245
0.388055 -1.66855
0.388831 -1.67475
0.389608 -1.68075
0.390384 -1.68675
0.39116 -1.69245
0.391936 -1.69795
0.392712 -1.70325
0.393488 -1.70815
0.394265 -1.71275
0.395041 -1.71695
0.395817 -1.72075
0.396593 -1.72405
0.397369 -1.72675
0.398145 -1.72895
0.398922 -1.73055
0.399698 -1.73145
0.400474 -1.73165
0.40125 -1.73125
0.402026 -1.73005
0.402803 -1.72825
0.403579 -1.72575
0.404355 -1.72265
0.405131 -1.71905
0.405907 -1.71505
0.406683 -1.71075
0.40746 -1.70625
0.408236 -1.70175
0.409012 -1.69715
0.409788 -1.69275
0.410564 -1.68855
0.41134 -1.68465
0.412117 -1.68105
0.412893 -1.67785
0.412893 -1.67785
0.413669 -1.67895
0.414445 -1.68035
0.415221 -1.68225
0.415998 -1.68455
0.416774 -1.68725
0.41755 -1.69025
0.418326 -1.69355
0.419102 -1.69715
0.419878 -1.70095
0.420655 -1.70495
0.421431 -1.70905
0.422207 -1.71325
0.422983 -1.71745
0.423759 -1.72155
0.424536 -1.72565
0.425312 -1.72965
0.426088 -1.73345
0.426864 -1.73705
0.42764 -1.74205
0.428416 -1.74845
0.429193 -1.75495
0.429969 -1.76155
0.430745 -1.76825
0.431521 -1.77485
0.432297 -1.78145
0.433073 -1.78805
0.43385 -1.79455
0.434626 -1.80095
0.435402 -1.80725
0.436178 -1.81355
0.436954 -1.81965
0.437731 -1.82565
0.438507 -1.83155
0.439283 -1.83725
0.440059 -1.84295
0.440835 -1.84845
0.441611 -1.85395
0.442388 -1.85925
0.443164 -1.86455
0.44394 -1.86965
0.444716 -1.87475
0.445492 -1.87975
0.446268 -1.88465
0.447045 -1.88955
0.447821 -1.89435
0.448597 -1.89915
0.449373 -1.90385
0.450149 -1.90845
0.450926 -1.91315
0.451702 -1.91775
0.452478 -1.92235
0.453254 -1.92695
0.45403 -1.93145
0.454806 -1.93605
0.455583 -1.94055
0.456359 -1.94505
0.457135 -1.94955
0.457911 -1.95405
0.458687 -1.95845
0.459463 -1.96295
0.46024 -1.96745
0.461016 -1.97185
0.461792 -1.97625
0.462568 -1.98075
0.463344 -1.98515
0.464121 -1.98955
0.464897 -1.99395
0.465673 -1.99835
0.466449 -2.00275
0.467225 -2.00715
0.468001 -2.01145
0.468778 -2.01585
0.469554 -2.02025
0.47033 -2.02455
0.471106 -2.02885
0.471882 -2.03315
0.472658 -2.03755
0.473435 -2.04185
0.474211 -2.04605
0.474987 -2.05035
0.475763 -2.05465
0.476539 -2.05885
0.477316 -2.06305
0.478092 -2.06725
0.478868 -2.07145
0.479644 -2.07545
0.48042 -2.07955
0.481196 -2.08485
0.481973 -2.08985
0.482749 -2.09435
0.483525 -2.09845
0.484301 -2.10205
0.485077 -2.10505
0.485854 -2.10765
0.48663 -2.10965
0.487406 -2.11105
0.488182 -2.11195
0.488958 -2.11215
0.489734 -2.11195
0.489734 -2.11195
0.490832 -2.11215
0.49193 -2.11115
0.493027 -2.10905
0.494125 -2.10575
0.495223 -2.10135
0.49632 -2.09595
0.497418 -2.09075
0.498516 -2.08675
0.499614 -2.08285
0.500711 -2.07905
0.501809 -2.07545
0.502907 -2.07185
0.504004 -2.06825
0.505102 -2.06465
0.5062 -2.06095
0.507297 -2.05695
0.508395 -2.05265
0.509493 -2.04795
0.51059 -2.04265
0.511688 -2.03685
0.512786 -2.03035
0.513883 -2.02315
0.514981 -2.01525
0.516079 -2.00645
0.517176 -1.99695
0.518274 -1.98675
0.519372 -1.97565
0.520469 -1.96385
0.521567 -1.95125
0.522665 -1.93805
0.523762 -1.92655
0.52486 -1.91875
0.525958 -1.91045
0.527056 -1.90155
0.528153 -1.89215
0.529251 -1.88215
0.530349 -1.87165
0.531446 -1.86065
0.532544 -1.84905
0.533642 -1.83705
0.534739 -1.82455
0.535837 -1.81175
0.536935 -1.79855
0.538032 -1.78515
0.53913 -1.77145
0.540228 -1.75775
0.541325 -1.74395
0.542423 -1.73025
0.543521 -1.71665
0.544618 -1.70345
0.545716 -1.69065
0.546814 -1.67835
0.547911 -1.66695
0.549009 -1.65635
0.550107 -1.64705
0.551204 -1.63915
0.552302 -1.63285
0.5534 -1.62865
0.554498 -1.62655
0.555595 -1.62695
0.556693 -1.62995
0.557791 -1.63565
0.558888 -1.64395
0.559986 -1.65485
0.561084 -1.66815
0.562181 -1.68355
0.563279 -1.70085
0.564377 -1.71975
0.565474 -1.73995
0.566572 -1.76125
0.56767 -1.78345
0.568767 -1.80625
0.569865 -1.82955
0.570963 -1.85305
0.57206 -1.87675
0.573158 -1.90035
0.574256 -1.92375
0.575353 -1.94695
0.576451 -1.96955
0.577549 -1.99175
0.578647 -2.01315
0.579744 -2.03375
0.580842 -2.05355
0.58194 -2.07225
0.583037 -2.08985
0.584135 -2.10615
0.585233 -2.12125
0.58633 -2.13475
0.587428 -2.14675
0.588526 -2.15695
0.589623 -2.16545
0.590721 -2.17195
0.591819 -2.17655
0.592916 -2.17915
0.594014 -2.17975
0.595112 -2.17855
0.596209 -2.17545
0.597307 -2.17075
0.598405 -2.16455
