# Band 93 from P4mcc-bands-soc.dat
# Original plotting-script index j = 92
# Energy column is E - E_F in eV; Fermi level is therefore at 0 eV in these files.
# Columns: k_distance  energy_minus_EF_eV
0 3.31245
0.000776178 3.31215
0.00155235 3.31165
0.00232853 3.31125
0.00310471 3.30905
0.00388089 3.30725
0.00465706 3.30505
0.00543324 3.30225
0.00620942 3.29915
0.0069856 3.29565
0.00776177 3.29195
0.00853795 3.28765
0.00931413 3.28305
0.0100903 3.27845
0.0108665 3.27285
0.0116427 3.26725
0.0124188 3.26135
0.013195 3.25505
0.0139712 3.24845
0.0147474 3.24145
0.0155235 3.23415
0.0162997 3.22655
0.0170759 3.21885
0.0178521 3.21045
0.0186283 3.20185
0.0194044 3.19325
0.0201806 3.18375
0.0209568 3.17425
0.021733 3.16455
0.0225091 3.15445
0.0232853 3.14405
0.0240615 3.13345
0.0248377 3.12285
0.0256138 3.11155
0.02639 3.10015
0.0271662 3.08865
0.0279424 3.07695
0.0287186 3.06535
0.0294947 3.05315
0.0302709 3.04105
0.0310471 3.02895
0.0318233 3.01685
0.0325994 3.00485
0.0333756 2.99295
0.0341518 2.98125
0.034928 2.96985
0.0357042 2.95885
0.0364803 2.94835
0.0372565 2.93865
0.0380327 2.92995
0.0388089 2.92245
0.039585 2.91635
0.0403612 2.91155
0.0411374 2.90795
0.0419136 2.90545
0.0426897 2.90375
0.0434659 2.90265
0.0442421 2.90215
0.0450183 2.90215
0.0457945 2.90245
0.0465706 2.90325
0.0473468 2.90425
0.048123 2.90565
0.0488992 2.90745
0.0496753 2.90945
0.0504515 2.91175
0.0512277 2.91435
0.0520039 2.91715
0.0527801 2.92015
0.0535562 2.92315
0.0543324 2.92625
0.0551086 2.92935
0.0558848 2.93225
0.0566609 2.93495
0.0574371 2.93735
0.0582133 2.93945
0.0589895 2.94125
0.0597656 2.94265
0.0605418 2.94375
0.061318 2.94445
0.0620942 2.94485
0.0628704 2.94505
0.0636465 2.94495
0.0644227 2.94475
0.0651989 2.94435
0.0659751 2.94375
0.0667512 2.94315
0.0675274 2.94245
0.0683036 2.94175
0.0690798 2.94105
0.069856 2.94025
0.0706321 2.93965
0.0714083 2.93895
0.0721845 2.93835
0.0729607 2.93785
0.0737368 2.93745
0.074513 2.93715
0.0752892 2.93685
0.0760654 2.93675
0.0768415 2.93665
0.0768415 2.93665
0.0776177 2.93715
0.0783939 2.93865
0.0791701 2.94125
0.0799463 2.94475
0.0807224 2.94935
0.0814986 2.95495
0.0822748 2.96155
0.083051 2.96905
0.0838271 2.97755
0.0846033 2.98705
0.0853795 2.99735
0.0861557 3.00845
0.0869319 3.02045
0.087708 3.03305
0.0884842 3.04635
0.0892604 3.06035
0.0900366 3.07485
0.0908127 3.08985
0.0915889 3.10525
0.0923651 3.12115
0.0931413 3.13735
0.0939174 3.15395
0.0946936 3.17065
0.0954698 3.18775
0.096246 3.20495
0.0970222 3.22235
0.0977983 3.23985
0.0985745 3.25745
0.0993507 3.27515
0.100127 3.29275
0.100903 3.31055
0.101679 3.32815
0.102455 3.34575
0.103232 3.36345
0.104008 3.38075
0.104784 3.39825
0.10556 3.41555
0.106336 3.43225
0.107112 3.44885
0.107889 3.46875
0.108665 3.48145
0.109441 3.49775
0.110217 3.51415
0.110993 3.52905
0.11177 3.54345
0.112546 3.55955
0.113322 3.57425
0.114098 3.58655
0.114874 3.60095
0.11565 3.62405
0.116427 3.63245
0.117203 3.64885
0.117979 3.65355
0.118755 3.66555
0.119531 3.68275
0.120307 3.68145
0.121084 3.68805
0.12186 3.68815
0.122636 3.68865
0.123412 3.68875
0.124188 3.68495
0.124965 3.68435
0.125741 3.68515
0.126517 3.68535
0.127293 3.68695
0.128069 3.68965
0.128845 3.69355
0.129622 3.69385
0.130398 3.69675
0.131174 3.70125
0.13195 3.70165
0.132726 3.70535
0.133502 3.70715
0.134279 3.71035
0.135055 3.71285
0.135831 3.71335
0.136607 3.71525
0.137383 3.71825
0.13816 3.72115
0.138936 3.72385
0.139712 3.72765
0.140488 3.73185
0.141264 3.73665
0.14204 3.74145
0.142817 3.74655
0.143593 3.75165
0.144369 3.75645
0.145145 3.76125
0.145921 3.76575
0.146697 3.77015
0.147474 3.77415
0.14825 3.77755
0.149026 3.78115
0.149802 3.78365
0.150578 3.78595
0.151355 3.78775
0.152131 3.78925
0.152907 3.78995
0.153683 3.79055
0.153683 3.79005
0.154781 3.78965
0.155878 3.78815
0.156976 3.78545
0.158074 3.78175
0.159171 3.77695
0.160269 3.77125
0.161367 3.76465
0.162465 3.75695
0.163562 3.74875
0.16466 3.73935
0.165758 3.72975
0.166855 3.72025
0.167953 3.71255
0.169051 3.70865
0.170148 3.70745
0.171246 3.70795
0.172344 3.70875
0.173441 3.70725
0.174539 3.70765
0.175637 3.70705
0.176734 3.72105
0.177832 3.70705
0.17893 3.71715
0.180027 3.70485
0.181125 3.69595
0.182223 3.67165
0.18332 3.63775
0.184418 3.60215
0.185516 3.56455
0.186614 3.52615
0.187711 3.49455
0.188809 3.48085
0.189907 3.47075
0.191004 3.46375
0.192102 3.44675
0.1932 3.43125
0.194297 3.41525
0.195395 3.39635
0.196493 3.37685
0.19759 3.35615
0.198688 3.33625
0.199786 3.31555
0.200883 3.29555
0.201981 3.27585
0.203079 3.25735
0.204176 3.23945
0.205274 3.22265
0.206372 3.20675
0.207469 3.19185
0.208567 3.17795
0.209665 3.16495
0.210762 3.15305
0.21186 3.14205
0.212958 3.13195
0.214056 3.12275
0.215153 3.11435
0.216251 3.10665
0.217349 3.09965
0.218446 3.09315
0.219544 3.08715
0.220642 3.08135
0.221739 3.07565
0.222837 3.06975
0.223935 3.06325
0.225032 3.05595
0.22613 3.04745
0.227228 3.03805
0.228325 3.03315
0.229423 3.04685
0.230521 3.06295
0.231618 3.07855
0.232716 3.09315
0.233814 3.10645
0.234911 3.11895
0.236009 3.13085
0.237107 3.14215
0.238204 3.15345
0.239302 3.16455
0.2404 3.17545
0.241498 3.18605
0.242595 3.19665
0.243693 3.20725
0.244791 3.21775
0.245888 3.22765
0.246986 3.23755
0.248084 3.24705
0.249181 3.25615
0.250279 3.26445
0.251377 3.27255
0.252474 3.27965
0.253572 3.28655
0.25467 3.29225
0.255767 3.29755
0.256865 3.30215
0.257963 3.30585
0.25906 3.30865
0.260158 3.31085
0.261256 3.31195
0.262353 3.31245
0.262353 3.31305
0.263098 3.31225
0.263842 3.31205
0.264587 3.31125
0.265331 3.31045
0.266076 3.30935
0.26682 3.30815
0.267564 3.30645
0.268309 3.30485
0.269053 3.30265
0.269798 3.30035
0.270542 3.29845
0.271287 3.29515
0.272031 3.29225
0.272775 3.28895
0.27352 3.28575
0.274264 3.28215
0.275009 3.27835
0.275753 3.27435
0.276497 3.27025
0.277242 3.26585
0.277986 3.26135
0.278731 3.25665
0.279475 3.25175
0.28022 3.24675
0.280964 3.24165
0.281708 3.23635
0.282453 3.23105
0.283197 3.22545
0.283942 3.21955
0.284686 3.21375
0.285431 3.20785
0.286175 3.20165
0.286919 3.19565
0.287664 3.18925
0.288408 3.18285
0.289153 3.17645
0.289897 3.16995
0.290642 3.16335
0.291386 3.15665
0.29213 3.14985
0.292875 3.14315
0.293619 3.13625
0.294364 3.12935
0.295108 3.12235
0.295852 3.11535
0.296597 3.10825
0.297341 3.10125
0.298086 3.09415
0.29883 3.08705
0.299575 3.07995
0.300319 3.07275
0.301063 3.06565
0.301808 3.05855
0.302552 3.05135
0.303297 3.04425
0.304041 3.03715
0.304786 3.03005
0.30553 3.02295
0.306274 3.01595
0.307019 3.00905
0.307763 3.00215
0.308508 2.99535
0.309252 2.98865
0.309997 2.98215
0.310741 2.97595
0.311485 2.97895
0.31223 3.00255
0.312974 3.02685
0.313719 3.05155
0.314463 3.07675
0.315207 3.10195
0.315952 3.12705
0.316696 3.15095
0.317441 3.17125
0.318185 3.18305
0.31893 3.18425
0.319674 3.17945
0.320418 3.17165
0.321163 3.16285
0.321907 3.15315
0.322652 3.14305
0.323396 3.13265
0.324141 3.12405
0.324885 3.13835
0.325629 3.15255
0.326374 3.16665
0.327118 3.18085
0.327863 3.19525
0.328607 3.20965
0.329351 3.22315
0.330096 3.23715
0.33084 3.25115
0.331585 3.26515
0.332329 3.27895
0.333074 3.29275
0.333818 3.30645
0.334562 3.32005
0.335307 3.33355
0.336051 3.34715
0.336051 3.34715
0.336827 3.34645
0.337604 3.34545
0.33838 3.34385
0.339156 3.34205
0.339932 3.33965
0.340708 3.33695
0.341485 3.33405
0.342261 3.33055
0.343037 3.32685
0.343813 3.32275
0.344589 3.31845
0.345365 3.31385
0.346142 3.30905
0.346918 3.30385
0.347694 3.29855
0.34847 3.29305
0.349246 3.28735
0.350022 3.28165
0.350799 3.27575
0.351575 3.26965
0.352351 3.26365
0.353127 3.25745
0.353903 3.25125
0.35468 3.24505
0.355456 3.23865
0.356232 3.23235
0.357008 3.22595
0.357784 3.21955
0.35856 3.21325
0.359337 3.20685
0.360113 3.20045
0.360889 3.19405
0.361665 3.18765
0.362441 3.18125
0.363218 3.17485
0.363994 3.16845
0.36477 3.16215
0.365546 3.15575
0.366322 3.14925
0.367098 3.14285
0.367875 3.13645
0.368651 3.12995
0.369427 3.12355
0.370203 3.11705
0.370979 3.11065
0.371755 3.10415
0.372532 3.09765
0.373308 3.09125
0.374084 3.08475
0.37486 3.07825
0.375636 3.07175
0.376413 3.06525
0.377189 3.05875
0.377965 3.05225
0.378741 3.04585
0.379517 3.03935
0.380293 3.03295
0.38107 3.02655
0.381846 3.02025
0.382622 3.01385
0.383398 3.00765
0.384174 3.00135
0.38495 2.99515
0.385727 2.98905
0.386503 2.98295
0.387279 2.97695
0.388055 2.97105
0.388831 2.96525
0.389608 2.95945
0.390384 2.95385
0.39116 2.94825
0.391936 2.94275
0.392712 2.93745
0.393488 2.93225
0.394265 2.92715
0.395041 2.92215
0.395817 2.91735
0.396593 2.91265
0.397369 2.90815
0.398145 2.90375
0.398922 2.89965
0.399698 2.89565
0.400474 2.89185
0.40125 2.88825
0.402026 2.88485
0.402803 2.88165
0.403579 2.87865
0.404355 2.87595
0.405131 2.87345
0.405907 2.87125
0.406683 2.86925
0.40746 2.86745
0.408236 2.86605
0.409012 2.86485
0.409788 2.86395
0.410564 2.86335
0.41134 2.86295
0.412117 2.86295
0.412893 2.86315
0.412893 2.86315
0.413669 2.85715
0.414445 2.85195
0.415221 2.84765
0.415998 2.84415
0.416774 2.84175
0.41755 2.84025
0.418326 2.83985
0.419102 2.84045
0.419878 2.84205
0.420655 2.84455
0.421431 2.84775
0.422207 2.85185
0.422983 2.85645
0.423759 2.86175
0.424536 2.86745
0.425312 2.87355
0.426088 2.88005
0.426864 2.88675
0.42764 2.89375
0.428416 2.90085
0.429193 2.90825
0.429969 2.91565
0.430745 2.92325
0.431521 2.93085
0.432297 2.93845
0.433073 2.94615
0.43385 2.95395
0.434626 2.96165
0.435402 2.96935
0.436178 2.97705
0.436954 2.98475
0.437731 2.99235
0.438507 2.99995
0.439283 3.00745
0.440059 3.01495
0.440835 3.02225
0.441611 3.02965
0.442388 3.03685
0.443164 3.04405
0.44394 3.05115
0.444716 3.05805
0.445492 3.06485
0.446268 3.07155
0.447045 3.07835
0.447821 3.08485
0.448597 3.09115
0.449373 3.09735
0.450149 3.10365
0.450926 3.10965
0.451702 3.11565
0.452478 3.12135
0.453254 3.12705
0.45403 3.13265
0.454806 3.13785
0.455583 3.14435
0.456359 3.14895
0.457135 3.15345
0.457911 3.15855
0.458687 3.16345
0.459463 3.16835
0.46024 3.17285
0.461016 3.17775
0.461792 3.18215
0.462568 3.18695
0.463344 3.19085
0.464121 3.19505
0.464897 3.19915
0.465673 3.20315
0.466449 3.20695
0.467225 3.21125
0.468001 3.21545
0.468778 3.22045
0.469554 3.22235
0.47033 3.22595
0.471106 3.22915
0.471882 3.23285
0.472658 3.23595
0.473435 3.23925
0.474211 3.24245
0.474987 3.24615
0.475763 3.24855
0.476539 3.25205
0.477316 3.25455
0.478092 3.25735
0.478868 3.26035
0.479644 3.26295
0.48042 3.26505
0.481196 3.26755
0.481973 3.27005
0.482749 3.27225
0.483525 3.27455
0.484301 3.27655
0.485077 3.27905
0.485854 3.28065
0.48663 3.28255
0.487406 3.28445
0.488182 3.28645
0.488958 3.28865
0.489734 3.28975
0.489734 3.28975
0.490832 3.28735
0.49193 3.28485
0.493027 3.28225
0.494125 3.27935
0.495223 3.27645
0.49632 3.27345
0.497418 3.27035
0.498516 3.26745
0.499614 3.26395
0.500711 3.26165
0.501809 3.25725
0.502907 3.25375
0.504004 3.25025
0.505102 3.24735
0.5062 3.24295
0.507297 3.23945
0.508395 3.23555
0.509493 3.23175
0.51059 3.22825
0.511688 3.22435
0.512786 3.22015
0.513883 3.21605
0.514981 3.21225
0.516079 3.20845
0.517176 3.20475
0.518274 3.20085
0.519372 3.19735
0.520469 3.19375
0.521567 3.19035
0.522665 3.18645
0.523762 3.18405
0.52486 3.18085
0.525958 3.17685
0.527056 3.17355
0.528153 3.17025
0.529251 3.16785
0.530349 3.16475
0.531446 3.16185
0.532544 3.15935
0.533642 3.15745
0.534739 3.15495
0.535837 3.15305
0.536935 3.15195
0.538032 3.14995
0.53913 3.14885
0.540228 3.14745
0.541325 3.14685
0.542423 3.14595
0.543521 3.14555
0.544618 3.14555
0.545716 3.14555
0.546814 3.14585
0.547911 3.14665
0.549009 3.14745
0.550107 3.14825
0.551204 3.14985
0.552302 3.15115
0.5534 3.15295
0.554498 3.15485
0.555595 3.15705
0.556693 3.15945
0.557791 3.16205
0.558888 3.16485
0.559986 3.16785
0.561084 3.17115
0.562181 3.17445
0.563279 3.17805
0.564377 3.18185
0.565474 3.18575
0.566572 3.18995
0.56767 3.19425
0.568767 3.19875
0.569865 3.20335
0.570963 3.20825
0.57206 3.21335
0.573158 3.21865
0.574256 3.22425
0.575353 3.22995
0.576451 3.23585
0.577549 3.24205
0.578647 3.24855
0.579744 3.25505
0.580842 3.26195
0.58194 3.26895
0.583037 3.27605
0.584135 3.28315
0.585233 3.29035
0.58633 3.29745
0.587428 3.30445
0.588526 3.31105
0.589623 3.31745
0.590721 3.32345
0.591819 3.32895
0.592916 3.33375
0.594014 3.33805
0.595112 3.34145
0.596209 3.34425
0.597307 3.34615
0.598405 3.34715
