# Band 16 from P4mcc-bands-soc.dat
# Original plotting-script index j = 15
# Energy column is E - E_F in eV; Fermi level is therefore at 0 eV in these files.
# Columns: k_distance  energy_minus_EF_eV
0 -12.6861
0.000776178 -12.6861
0.00155235 -12.6859
0.00232853 -12.6857
0.00310471 -12.6853
0.00388089 -12.6848
0.00465706 -12.6842
0.00543324 -12.6835
0.00620942 -12.6827
0.0069856 -12.6818
0.00776177 -12.6808
0.00853795 -12.6796
0.00931413 -12.6784
0.0100903 -12.6771
0.0108665 -12.6756
0.0116427 -12.6741
0.0124188 -12.6724
0.013195 -12.6706
0.0139712 -12.6687
0.0147474 -12.6668
0.0155235 -12.6647
0.0162997 -12.6625
0.0170759 -12.6602
0.0178521 -12.6578
0.0186283 -12.6552
0.0194044 -12.6526
0.0201806 -12.6499
0.0209568 -12.647
0.021733 -12.6441
0.0225091 -12.6411
0.0232853 -12.6379
0.0240615 -12.6346
0.0248377 -12.6313
0.0256138 -12.6278
0.02639 -12.6242
0.0271662 -12.6206
0.0279424 -12.6168
0.0287186 -12.6129
0.0294947 -12.6089
0.0302709 -12.6048
0.0310471 -12.6006
0.0318233 -12.5963
0.0325994 -12.5919
0.0333756 -12.5874
0.0341518 -12.5828
0.034928 -12.5781
0.0357042 -12.5732
0.0364803 -12.5683
0.0372565 -12.5633
0.0380327 -12.5582
0.0388089 -12.5529
0.039585 -12.5476
0.0403612 -12.5422
0.0411374 -12.5367
0.0419136 -12.531
0.0426897 -12.5253
0.0434659 -12.5195
0.0442421 -12.5136
0.0450183 -12.5076
0.0457945 -12.5015
0.0465706 -12.4978
0.0473468 -12.5126
0.048123 -12.5282
0.0488992 -12.5436
0.0496753 -12.5589
0.0504515 -12.5741
0.0512277 -12.5891
0.0520039 -12.6039
0.0527801 -12.6185
0.0535562 -12.6329
0.0543324 -12.6471
0.0551086 -12.6611
0.0558848 -12.6748
0.0566609 -12.6883
0.0574371 -12.7016
0.0582133 -12.7145
0.0589895 -12.7272
0.0597656 -12.7396
0.0605418 -12.7516
0.061318 -12.7633
0.0620942 -12.7746
0.0628704 -12.7856
0.0636465 -12.7961
0.0644227 -12.8062
0.0651989 -12.8159
0.0659751 -12.8251
0.0667512 -12.8338
0.0675274 -12.842
0.0683036 -12.8497
0.0690798 -12.8568
0.069856 -12.8633
0.0706321 -12.8692
0.0714083 -12.8744
0.0721845 -12.8791
0.0729607 -12.883
0.0737368 -12.8862
0.074513 -12.8888
0.0752892 -12.8906
0.0760654 -12.8917
0.0768415 -12.892
0.0768415 -12.892
0.0776177 -12.892
0.0783939 -12.8919
0.0791701 -12.8918
0.0799463 -12.8916
0.0807224 -12.8914
0.0814986 -12.8911
0.0822748 -12.8908
0.083051 -12.8905
0.0838271 -12.89
0.0846033 -12.8896
0.0853795 -12.8891
0.0861557 -12.8885
0.0869319 -12.8879
0.087708 -12.8873
0.0884842 -12.8866
0.0892604 -12.8858
0.0900366 -12.885
0.0908127 -12.8842
0.0915889 -12.8833
0.0923651 -12.8824
0.0931413 -12.8814
0.0939174 -12.8804
0.0946936 -12.8794
0.0954698 -12.8783
0.096246 -12.8772
0.0970222 -12.8761
0.0977983 -12.8749
0.0985745 -12.8736
0.0993507 -12.8724
0.100127 -12.8711
0.100903 -12.8697
0.101679 -12.8684
0.102455 -12.867
0.103232 -12.8656
0.104008 -12.8641
0.104784 -12.8626
0.10556 -12.8611
0.106336 -12.8596
0.107112 -12.858
0.107889 -12.8565
0.108665 -12.8549
0.109441 -12.8533
0.110217 -12.8516
0.110993 -12.85
0.11177 -12.8483
0.112546 -12.8467
0.113322 -12.845
0.114098 -12.8433
0.114874 -12.8416
0.11565 -12.8399
0.116427 -12.8382
0.117203 -12.8364
0.117979 -12.8347
0.118755 -12.833
0.119531 -12.8313
0.120307 -12.8296
0.121084 -12.8279
0.12186 -12.8262
0.122636 -12.8245
0.123412 -12.8228
0.124188 -12.8211
0.124965 -12.8195
0.125741 -12.8179
0.126517 -12.8162
0.127293 -12.8146
0.128069 -12.8131
0.128845 -12.8115
0.129622 -12.81
0.130398 -12.8085
0.131174 -12.807
0.13195 -12.8056
0.132726 -12.8042
0.133502 -12.8028
0.134279 -12.8015
0.135055 -12.8002
0.135831 -12.7989
0.136607 -12.7977
0.137383 -12.7965
0.13816 -12.7954
0.138936 -12.7943
0.139712 -12.7932
0.140488 -12.7922
0.141264 -12.7913
0.14204 -12.7904
0.142817 -12.7895
0.143593 -12.7887
0.144369 -12.7879
0.145145 -12.7872
0.145921 -12.7865
0.146697 -12.7858
0.147474 -12.7852
0.14825 -12.7845
0.149026 -12.7838
0.149802 -12.783
0.150578 -12.782
0.151355 -12.7804
0.152131 -12.7778
0.152907 -12.7733
0.153683 -12.7695
0.153683 -12.7695
0.154781 -12.7753
0.155878 -12.7795
0.156976 -12.7807
0.158074 -12.7806
0.159171 -12.7797
0.160269 -12.7784
0.161367 -12.7767
0.162465 -12.7746
0.163562 -12.7722
0.16466 -12.7695
0.165758 -12.7665
0.166855 -12.7632
0.167953 -12.7596
0.169051 -12.7557
0.170148 -12.7515
0.171246 -12.747
0.172344 -12.7423
0.173441 -12.7372
0.174539 -12.7319
0.175637 -12.7263
0.176734 -12.7204
0.177832 -12.7142
0.17893 -12.7077
0.180027 -12.701
0.181125 -12.6939
0.182223 -12.6866
0.18332 -12.679
0.184418 -12.6712
0.185516 -12.663
0.186614 -12.6546
0.187711 -12.6459
0.188809 -12.637
0.189907 -12.6278
0.191004 -12.6183
0.192102 -12.6086
0.1932 -12.5986
0.194297 -12.5884
0.195395 -12.5779
0.196493 -12.5672
0.19759 -12.5563
0.198688 -12.5452
0.199786 -12.534
0.200883 -12.5226
0.201981 -12.5112
0.203079 -12.4999
0.204176 -12.4888
0.205274 -12.4786
0.206372 -12.4699
0.207469 -12.4643
0.208567 -12.463
0.209665 -12.4657
0.210762 -12.4709
0.21186 -12.4774
0.212958 -12.4846
0.214056 -12.4921
0.215153 -12.4997
0.216251 -12.5074
0.217349 -12.5151
0.218446 -12.5227
0.219544 -12.5303
0.220642 -12.5377
0.221739 -12.545
0.222837 -12.5521
0.223935 -12.5591
0.225032 -12.566
0.22613 -12.5727
0.227228 -12.5792
0.228325 -12.5856
0.229423 -12.5918
0.230521 -12.5978
0.231618 -12.6037
0.232716 -12.6093
0.233814 -12.6148
0.234911 -12.6201
0.236009 -12.6252
0.237107 -12.6301
0.238204 -12.6348
0.239302 -12.6393
0.2404 -12.6436
0.241498 -12.6477
0.242595 -12.6516
0.243693 -12.6553
0.244791 -12.6588
0.245888 -12.6621
0.246986 -12.6652
0.248084 -12.6681
0.249181 -12.6707
0.250279 -12.6732
0.251377 -12.6754
0.252474 -12.6775
0.253572 -12.6793
0.25467 -12.6809
0.255767 -12.6823
0.256865 -12.6835
0.257963 -12.6844
0.25906 -12.6852
0.260158 -12.6857
0.261256 -12.686
0.262353 -12.6861
0.262353 -12.6861
0.263098 -12.6863
0.263842 -12.6866
0.264587 -12.6873
0.265331 -12.6881
0.266076 -12.6892
0.26682 -12.6906
0.267564 -12.6922
0.268309 -12.6941
0.269053 -12.6962
0.269798 -12.6985
0.270542 -12.7011
0.271287 -12.7039
0.272031 -12.7069
0.272775 -12.7102
0.27352 -12.7138
0.274264 -12.7175
0.275009 -12.7215
0.275753 -12.7257
0.276497 -12.7301
0.277242 -12.7348
0.277986 -12.7397
0.278731 -12.7447
0.279475 -12.75
0.28022 -12.7555
0.280964 -12.7612
0.281708 -12.7672
0.282453 -12.7733
0.283197 -12.7796
0.283942 -12.7861
0.284686 -12.7928
0.285431 -12.7996
0.286175 -12.8067
0.286919 -12.8139
0.287664 -12.8213
0.288408 -12.8289
0.289153 -12.8366
0.289897 -12.8445
0.290642 -12.8526
0.291386 -12.8608
0.29213 -12.8692
0.292875 -12.8777
0.293619 -12.8863
0.294364 -12.8951
0.295108 -12.904
0.295852 -12.9131
0.296597 -12.9222
0.297341 -12.9315
0.298086 -12.9409
0.29883 -12.9505
0.299575 -12.9601
0.300319 -12.9698
0.301063 -12.9797
0.301808 -12.9896
0.302552 -12.9996
0.303297 -13.0097
0.304041 -13.0199
0.304786 -13.0302
0.30553 -13.0406
0.306274 -13.051
0.307019 -13.0615
0.307763 -13.0721
0.308508 -13.0827
0.309252 -13.0934
0.309997 -13.1042
0.310741 -13.1149
0.311485 -13.1258
0.31223 -13.1367
0.312974 -13.1476
0.313719 -13.1586
0.314463 -13.1696
0.315207 -13.1806
0.315952 -13.1916
0.316696 -13.2027
0.317441 -13.2138
0.318185 -13.2249
0.31893 -13.2361
0.319674 -13.2472
0.320418 -13.2584
0.321163 -13.2695
0.321907 -13.2807
0.322652 -13.2918
0.323396 -13.303
0.324141 -13.3141
0.324885 -13.3252
0.325629 -13.3364
0.326374 -13.3475
0.327118 -13.3586
0.327863 -13.3696
0.328607 -13.3807
0.329351 -13.3917
0.330096 -13.4027
0.33084 -13.4136
0.331585 -13.4246
0.332329 -13.4355
0.333074 -13.4463
0.333818 -13.4571
0.334562 -13.4679
0.335307 -13.4787
0.336051 -13.4894
0.336051 -13.4894
0.336827 -13.4893
0.337604 -13.489
0.33838 -13.4887
0.339156 -13.4882
0.339932 -13.4875
0.340708 -13.4867
0.341485 -13.4858
0.342261 -13.4848
0.343037 -13.4836
0.343813 -13.4822
0.344589 -13.4808
0.345365 -13.4792
0.346142 -13.4774
0.346918 -13.4755
0.347694 -13.4735
0.34847 -13.4713
0.349246 -13.469
0.350022 -13.4666
0.350799 -13.4641
0.351575 -13.4613
0.352351 -13.4585
0.353127 -13.4555
0.353903 -13.4524
0.35468 -13.4492
0.355456 -13.4458
0.356232 -13.4423
0.357008 -13.4387
0.357784 -13.4349
0.35856 -13.431
0.359337 -13.427
0.360113 -13.4228
0.360889 -13.4185
0.361665 -13.4141
0.362441 -13.4096
0.363218 -13.4049
0.363994 -13.4001
0.36477 -13.3952
0.365546 -13.3901
0.366322 -13.385
0.367098 -13.3797
0.367875 -13.3742
0.368651 -13.3687
0.369427 -13.3631
0.370203 -13.3573
0.370979 -13.3514
0.371755 -13.3454
0.372532 -13.3393
0.373308 -13.3331
0.374084 -13.3267
0.37486 -13.3203
0.375636 -13.3138
0.376413 -13.3071
0.377189 -13.3003
0.377965 -13.2935
0.378741 -13.2865
0.379517 -13.2795
0.380293 -13.2724
0.38107 -13.2651
0.381846 -13.2578
0.382622 -13.2504
0.383398 -13.243
0.384174 -13.2354
0.38495 -13.2278
0.385727 -13.2202
0.386503 -13.2124
0.387279 -13.2046
0.388055 -13.1968
0.388831 -13.1889
0.389608 -13.181
0.390384 -13.1731
0.39116 -13.1651
0.391936 -13.1571
0.392712 -13.1492
0.393488 -13.1412
0.394265 -13.1333
0.395041 -13.1254
0.395817 -13.1175
0.396593 -13.1097
0.397369 -13.102
0.398145 -13.0944
0.398922 -13.0869
0.399698 -13.0796
0.400474 -13.0724
0.40125 -13.0654
0.402026 -13.0586
0.402803 -13.0521
0.403579 -13.0459
0.404355 -13.04
0.405131 -13.0344
0.405907 -13.0292
0.406683 -13.0244
0.40746 -13.0201
0.408236 -13.0163
0.409012 -13.013
0.409788 -13.0103
0.410564 -13.0082
0.41134 -13.0067
0.412117 -13.0058
0.412893 -13.0055
0.412893 -13.0055
0.413669 -13.0054
0.414445 -13.0052
0.415221 -13.0048
0.415998 -13.0042
0.416774 -13.0035
0.41755 -13.0027
0.418326 -13.0017
0.419102 -13.0006
0.419878 -12.9993
0.420655 -12.9978
0.421431 -12.9963
0.422207 -12.9945
0.422983 -12.9927
0.423759 -12.9906
0.424536 -12.9885
0.425312 -12.9862
0.426088 -12.9837
0.426864 -12.9811
0.42764 -12.9784
0.428416 -12.9755
0.429193 -12.9724
0.429969 -12.9693
0.430745 -12.9659
0.431521 -12.9625
0.432297 -12.9589
0.433073 -12.9551
0.43385 -12.9512
0.434626 -12.9472
0.435402 -12.943
0.436178 -12.9387
0.436954 -12.9342
0.437731 -12.9296
0.438507 -12.9249
0.439283 -12.92
0.440059 -12.915
0.440835 -12.9099
0.441611 -12.9046
0.442388 -12.8991
0.443164 -12.8936
0.44394 -12.8879
0.444716 -12.8821
0.445492 -12.8761
0.446268 -12.87
0.447045 -12.8638
0.447821 -12.8574
0.448597 -12.851
0.449373 -12.8443
0.450149 -12.8376
0.450926 -12.8307
0.451702 -12.8238
0.452478 -12.8167
0.453254 -12.8094
0.45403 -12.8021
0.454806 -12.7946
0.455583 -12.787
0.456359 -12.7793
0.457135 -12.7715
0.457911 -12.7636
0.458687 -12.7556
0.459463 -12.7475
0.46024 -12.7393
0.461016 -12.7309
0.461792 -12.7225
0.462568 -12.714
0.463344 -12.7054
0.464121 -12.6967
0.464897 -12.688
0.465673 -12.6791
0.466449 -12.6702
0.467225 -12.6613
0.468001 -12.6523
0.468778 -12.6432
0.469554 -12.6341
0.47033 -12.625
0.471106 -12.6158
0.471882 -12.6067
0.472658 -12.5976
0.473435 -12.5885
0.474211 -12.5794
0.474987 -12.5704
0.475763 -12.5615
0.476539 -12.5527
0.477316 -12.5441
0.478092 -12.5356
0.478868 -12.5274
0.479644 -12.5195
0.48042 -12.512
0.481196 -12.5048
0.481973 -12.4981
0.482749 -12.4921
0.483525 -12.4866
0.484301 -12.4819
0.485077 -12.478
0.485854 -12.4748
0.48663 -12.4723
0.487406 -12.4705
0.488182 -12.4694
0.488958 -12.4688
0.489734 -12.4687
0.489734 -12.4687
0.490832 -12.469
0.49193 -12.4704
0.493027 -12.4732
0.494125 -12.4779
0.495223 -12.4847
0.49632 -12.4934
0.497418 -12.5039
0.498516 -12.5158
0.499614 -12.5288
0.500711 -12.5427
0.501809 -12.5573
0.502907 -12.5725
0.504004 -12.5881
0.505102 -12.6041
0.5062 -12.6203
0.507297 -12.6368
0.508395 -12.6534
0.509493 -12.6701
0.51059 -12.687
0.511688 -12.7039
0.512786 -12.7208
0.513883 -12.7377
0.514981 -12.7546
0.516079 -12.7714
0.517176 -12.7883
0.518274 -12.805
0.519372 -12.8217
0.520469 -12.8383
0.521567 -12.8547
0.522665 -12.8711
0.523762 -12.8874
0.52486 -12.9035
0.525958 -12.9195
0.527056 -12.9353
0.528153 -12.9511
0.529251 -12.9666
0.530349 -12.982
0.531446 -12.9972
0.532544 -13.0123
0.533642 -13.0271
0.534739 -13.0418
0.535837 -13.0563
0.536935 -13.0706
0.538032 -13.0847
0.53913 -13.0987
0.540228 -13.1124
0.541325 -13.1259
0.542423 -13.1392
0.543521 -13.1522
0.544618 -13.1651
0.545716 -13.1778
0.546814 -13.1902
0.547911 -13.2024
0.549009 -13.2143
0.550107 -13.2261
0.551204 -13.2376
0.552302 -13.2489
0.5534 -13.2599
0.554498 -13.2707
0.555595 -13.2812
0.556693 -13.2916
0.557791 -13.3016
0.558888 -13.3114
0.559986 -13.321
0.561084 -13.3303
0.562181 -13.3394
0.563279 -13.3482
0.564377 -13.3567
0.565474 -13.365
0.566572 -13.3731
0.56767 -13.3809
0.568767 -13.3884
0.569865 -13.3956
0.570963 -13.4026
0.57206 -13.4093
0.573158 -13.4158
0.574256 -13.422
0.575353 -13.4279
0.576451 -13.4336
0.577549 -13.439
0.578647 -13.4441
0.579744 -13.4489
0.580842 -13.4535
0.58194 -13.4578
0.583037 -13.4618
0.584135 -13.4656
0.585233 -13.4691
0.58633 -13.4723
0.587428 -13.4752
0.588526 -13.4779
0.589623 -13.4803
0.590721 -13.4824
0.591819 -13.4842
0.592916 -13.4858
0.594014 -13.487
0.595112 -13.488
0.596209 -13.4887
0.597307 -13.4892
0.598405 -13.4894
