# Band 55 from P4mcc-bands-soc.dat
# Original plotting-script index j = 54
# Energy column is E - E_F in eV; Fermi level is therefore at 0 eV in these files.
# Columns: k_distance  energy_minus_EF_eV
0 -2.70825
0.000776178 -2.70785
0.00155235 -2.70665
0.00232853 -2.70475
0.00310471 -2.70205
0.00388089 -2.69855
0.00465706 -2.69425
0.00543324 -2.68935
0.00620942 -2.68365
0.0069856 -2.67715
0.00776177 -2.67005
0.00853795 -2.66225
0.00931413 -2.65375
0.0100903 -2.64465
0.0108665 -2.63495
0.0116427 -2.62465
0.0124188 -2.61375
0.013195 -2.60235
0.0139712 -2.59045
0.0147474 -2.57805
0.0155235 -2.56515
0.0162997 -2.55185
0.0170759 -2.53825
0.0178521 -2.52415
0.0186283 -2.50975
0.0194044 -2.49515
0.0201806 -2.48025
0.0209568 -2.46505
0.021733 -2.44985
0.0225091 -2.43445
0.0232853 -2.41895
0.0240615 -2.40345
0.0248377 -2.38805
0.0256138 -2.37285
0.02639 -2.35785
0.0271662 -2.34325
0.0279424 -2.32915
0.0287186 -2.31575
0.0294947 -2.30325
0.0302709 -2.29205
0.0310471 -2.28225
0.0318233 -2.27435
0.0325994 -2.26875
0.0333756 -2.26555
0.0341518 -2.26515
0.034928 -2.26745
0.0357042 -2.27215
0.0364803 -2.27895
0.0372565 -2.28745
0.0380327 -2.29715
0.0388089 -2.30755
0.039585 -2.31825
0.0403612 -2.32855
0.0411374 -2.33805
0.0419136 -2.34615
0.0426897 -2.35225
0.0434659 -2.35585
0.0442421 -2.35635
0.0450183 -2.35375
0.0457945 -2.34795
0.0465706 -2.33935
0.0473468 -2.32845
0.048123 -2.31585
0.0488992 -2.30205
0.0496753 -2.28745
0.0504515 -2.27265
0.0512277 -2.25795
0.0520039 -2.24365
0.0527801 -2.23005
0.0535562 -2.21725
0.0543324 -2.20545
0.0551086 -2.19485
0.0558848 -2.18525
0.0566609 -2.17685
0.0574371 -2.16955
0.0582133 -2.16315
0.0589895 -2.15765
0.0597656 -2.15295
0.0605418 -2.14885
0.061318 -2.14525
0.0620942 -2.14215
0.0628704 -2.13925
0.0636465 -2.13665
0.0644227 -2.13415
0.0651989 -2.13185
0.0659751 -2.12955
0.0667512 -2.12725
0.0675274 -2.12505
0.0683036 -2.12285
0.0690798 -2.12065
0.069856 -2.11845
0.0706321 -2.11635
0.0714083 -2.11435
0.0721845 -2.11245
0.0729607 -2.11085
0.0737368 -2.10935
0.074513 -2.10825
0.0752892 -2.10735
0.0760654 -2.10685
0.0768415 -2.10665
0.0768415 -2.10665
0.0776177 -2.10695
0.0783939 -2.10765
0.0791701 -2.10905
0.0799463 -2.11085
0.0807224 -2.11325
0.0814986 -2.11625
0.0822748 -2.11975
0.083051 -2.12395
0.0838271 -2.12885
0.0846033 -2.13445
0.0853795 -2.14075
0.0861557 -2.14785
0.0869319 -2.15575
0.087708 -2.16455
0.0884842 -2.17415
0.0892604 -2.18475
0.0900366 -2.19625
0.0908127 -2.20875
0.0915889 -2.22215
0.0923651 -2.23655
0.0931413 -2.25185
0.0939174 -2.26795
0.0946936 -2.28495
0.0954698 -2.30275
0.096246 -2.32125
0.0970222 -2.34035
0.0977983 -2.36005
0.0985745 -2.38025
0.0993507 -2.40085
0.100127 -2.42175
0.100903 -2.44295
0.101679 -2.46415
0.102455 -2.48525
0.103232 -2.50615
0.104008 -2.52635
0.104784 -2.54535
0.10556 -2.56195
0.106336 -2.57405
0.107112 -2.57975
0.107889 -2.57955
0.108665 -2.57605
0.109441 -2.57075
0.110217 -2.56475
0.110993 -2.55835
0.11177 -2.55185
0.112546 -2.54535
0.113322 -2.53875
0.114098 -2.53235
0.114874 -2.52605
0.11565 -2.51995
0.116427 -2.51405
0.117203 -2.50825
0.117979 -2.50285
0.118755 -2.49775
0.119531 -2.49305
0.120307 -2.48885
0.121084 -2.48545
0.12186 -2.48285
0.122636 -2.48135
0.123412 -2.48095
0.124188 -2.48145
0.124965 -2.48265
0.125741 -2.48405
0.126517 -2.48535
0.127293 -2.48635
0.128069 -2.48695
0.128845 -2.48695
0.129622 -2.48655
0.130398 -2.48555
0.131174 -2.48415
0.13195 -2.48235
0.132726 -2.48025
0.133502 -2.47795
0.134279 -2.47535
0.135055 -2.47265
0.135831 -2.46985
0.136607 -2.46705
0.137383 -2.46425
0.13816 -2.46135
0.138936 -2.45855
0.139712 -2.45585
0.140488 -2.45315
0.141264 -2.45065
0.14204 -2.44815
0.142817 -2.44575
0.143593 -2.44345
0.144369 -2.44125
0.145145 -2.43915
0.145921 -2.43725
0.146697 -2.43555
0.147474 -2.43395
0.14825 -2.43255
0.149026 -2.43125
0.149802 -2.43025
0.150578 -2.42935
0.151355 -2.42865
0.152131 -2.42825
0.152907 -2.42795
0.153683 -2.42785
0.153683 -2.42785
0.154781 -2.42805
0.155878 -2.42855
0.156976 -2.42925
0.158074 -2.42995
0.159171 -2.43035
0.160269 -2.43025
0.161367 -2.42955
0.162465 -2.42815
0.163562 -2.42605
0.16466 -2.42355
0.165758 -2.42085
0.166855 -2.41785
0.167953 -2.41505
0.169051 -2.41245
0.170148 -2.41005
0.171246 -2.40815
0.172344 -2.40675
0.173441 -2.40595
0.174539 -2.40585
0.175637 -2.40635
0.176734 -2.40785
0.177832 -2.41015
0.17893 -2.41365
0.180027 -2.41825
0.181125 -2.42395
0.182223 -2.43065
0.18332 -2.43815
0.184418 -2.44605
0.185516 -2.45415
0.186614 -2.46235
0.187711 -2.47035
0.188809 -2.47815
0.189907 -2.48575
0.191004 -2.49315
0.192102 -2.50035
0.1932 -2.50715
0.194297 -2.51365
0.195395 -2.51945
0.196493 -2.52425
0.19759 -2.52765
0.198688 -2.52895
0.199786 -2.52735
0.200883 -2.52235
0.201981 -2.51335
0.203079 -2.50075
0.204176 -2.48495
0.205274 -2.46675
0.206372 -2.44685
0.207469 -2.42595
0.208567 -2.40425
0.209665 -2.38215
0.210762 -2.35985
0.21186 -2.33755
0.212958 -2.31535
0.214056 -2.29335
0.215153 -2.27155
0.216251 -2.25015
0.217349 -2.22905
0.218446 -2.20845
0.219544 -2.18845
0.220642 -2.16905
0.221739 -2.15065
0.222837 -2.13405
0.223935 -2.12135
0.225032 -2.11875
0.22613 -2.12815
0.227228 -2.14405
0.228325 -2.16325
0.229423 -2.18435
0.230521 -2.20705
0.231618 -2.23065
0.232716 -2.25505
0.233814 -2.27995
0.234911 -2.30525
0.236009 -2.33055
0.237107 -2.35595
0.238204 -2.38115
0.239302 -2.40605
0.2404 -2.43055
0.241498 -2.45465
0.242595 -2.47795
0.243693 -2.50065
0.244791 -2.52255
0.245888 -2.54345
0.246986 -2.56345
0.248084 -2.58245
0.249181 -2.60025
0.250279 -2.61685
0.251377 -2.63225
0.252474 -2.64635
0.253572 -2.65915
0.25467 -2.67045
0.255767 -2.68035
0.256865 -2.68885
0.257963 -2.69575
0.25906 -2.70125
0.260158 -2.70515
0.261256 -2.70745
0.262353 -2.70825
0.262353 -2.70825
0.263098 -2.70815
0.263842 -2.70805
0.264587 -2.70775
0.265331 -2.70735
0.266076 -2.70685
0.26682 -2.70615
0.267564 -2.70545
0.268309 -2.70455
0.269053 -2.70365
0.269798 -2.70255
0.270542 -2.70135
0.271287 -2.70005
0.272031 -2.69865
0.272775 -2.69705
0.27352 -2.69545
0.274264 -2.69365
0.275009 -2.69185
0.275753 -2.68985
0.276497 -2.68775
0.277242 -2.68555
0.277986 -2.68325
0.278731 -2.68075
0.279475 -2.67825
0.28022 -2.67565
0.280964 -2.67285
0.281708 -2.67005
0.282453 -2.66705
0.283197 -2.66405
0.283942 -2.66085
0.284686 -2.65765
0.285431 -2.65435
0.286175 -2.65095
0.286919 -2.64735
0.287664 -2.64385
0.288408 -2.64015
0.289153 -2.63645
0.289897 -2.62665
0.290642 -2.61235
0.291386 -2.59805
0.29213 -2.58385
0.292875 -2.56975
0.293619 -2.55585
0.294364 -2.54205
0.295108 -2.52845
0.295852 -2.51505
0.296597 -2.50195
0.297341 -2.48915
0.298086 -2.50515
0.29883 -2.52185
0.299575 -2.53135
0.300319 -2.53495
0.301063 -2.53505
0.301808 -2.53305
0.302552 -2.52975
0.303297 -2.52585
0.304041 -2.52135
0.304786 -2.51655
0.30553 -2.51145
0.306274 -2.50625
0.307019 -2.50085
0.307763 -2.49545
0.308508 -2.49005
0.309252 -2.48465
0.309997 -2.47925
0.310741 -2.47405
0.311485 -2.46895
0.31223 -2.46425
0.312974 -2.45985
0.313719 -2.45605
0.314463 -2.45295
0.315207 -2.45085
0.315952 -2.44995
0.316696 -2.45035
0.317441 -2.45235
0.318185 -2.45575
0.31893 -2.46065
0.319674 -2.46675
0.320418 -2.47385
0.321163 -2.48175
0.321907 -2.49035
0.322652 -2.49935
0.323396 -2.50885
0.324141 -2.51855
0.324885 -2.52855
0.325629 -2.52725
0.326374 -2.51095
0.327118 -2.49545
0.327863 -2.48255
0.328607 -2.48025
0.329351 -2.48705
0.330096 -2.49605
0.33084 -2.50565
0.331585 -2.51555
0.332329 -2.52565
0.333074 -2.53595
0.333818 -2.54645
0.334562 -2.55695
0.335307 -2.56765
0.336051 -2.57845
0.336051 -2.57845
0.336827 -2.57785
0.337604 -2.57745
0.33838 -2.57735
0.339156 -2.57735
0.339932 -2.57765
0.340708 -2.57805
0.341485 -2.57865
0.342261 -2.57945
0.343037 -2.58035
0.343813 -2.58135
0.344589 -2.58245
0.345365 -2.58365
0.346142 -2.58495
0.346918 -2.58635
0.347694 -2.58775
0.34847 -2.58925
0.349246 -2.59085
0.350022 -2.59245
0.350799 -2.59405
0.351575 -2.59575
0.352351 -2.59745
0.353127 -2.59925
0.353903 -2.60095
0.35468 -2.60075
0.355456 -2.59945
0.356232 -2.59825
0.357008 -2.59715
0.357784 -2.59615
0.35856 -2.59515
0.359337 -2.59435
0.360113 -2.59365
0.360889 -2.59305
0.361665 -2.59265
0.362441 -2.59225
0.363218 -2.59195
0.363994 -2.59175
0.36477 -2.59175
0.365546 -2.59175
0.366322 -2.59195
0.367098 -2.59215
0.367875 -2.59245
0.368651 -2.59285
0.369427 -2.59335
0.370203 -2.59395
0.370979 -2.59455
0.371755 -2.59525
0.372532 -2.59605
0.373308 -2.59695
0.374084 -2.59785
0.37486 -2.59885
0.375636 -2.59985
0.376413 -2.60085
0.377189 -2.60195
0.377965 -2.60315
0.378741 -2.60425
0.379517 -2.60545
0.380293 -2.60665
0.38107 -2.60785
0.381846 -2.60905
0.382622 -2.61025
0.383398 -2.61145
0.384174 -2.61265
0.38495 -2.61385
0.385727 -2.61505
0.386503 -2.61625
0.387279 -2.61735
0.388055 -2.61845
0.388831 -2.61955
0.389608 -2.62065
0.390384 -2.62165
0.39116 -2.62265
0.391936 -2.62365
0.392712 -2.62465
0.393488 -2.62555
0.394265 -2.62655
0.395041 -2.62745
0.395817 -2.62835
0.396593 -2.62925
0.397369 -2.63025
0.398145 -2.63115
0.398922 -2.63215
0.399698 -2.63315
0.400474 -2.63415
0.40125 -2.63515
0.402026 -2.63625
0.402803 -2.63745
0.403579 -2.63865
0.404355 -2.63995
0.405131 -2.64125
0.405907 -2.64265
0.406683 -2.64415
0.40746 -2.64575
0.408236 -2.64745
0.409012 -2.64925
0.409788 -2.65105
0.410564 -2.65305
0.41134 -2.65505
0.412117 -2.65725
0.412893 -2.65945
0.412893 -2.65945
0.413669 -2.65775
0.414445 -2.65635
0.415221 -2.65525
0.415998 -2.65445
0.416774 -2.65395
0.41755 -2.65375
0.418326 -2.65395
0.419102 -2.65435
0.419878 -2.65515
0.420655 -2.65625
0.421431 -2.65775
0.422207 -2.65945
0.422983 -2.66155
0.423759 -2.66405
0.424536 -2.66685
0.425312 -2.66995
0.426088 -2.67335
0.426864 -2.67715
0.42764 -2.68135
0.428416 -2.68585
0.429193 -2.69065
0.429969 -2.69585
0.430745 -2.70135
0.431521 -2.70725
0.432297 -2.71355
0.433073 -2.72015
0.43385 -2.72715
0.434626 -2.73445
0.435402 -2.74215
0.436178 -2.75015
0.436954 -2.75855
0.437731 -2.76735
0.438507 -2.77645
0.439283 -2.78585
0.440059 -2.79565
0.440835 -2.80585
0.441611 -2.81625
0.442388 -2.82705
0.443164 -2.83815
0.44394 -2.84955
0.444716 -2.86125
0.445492 -2.87315
0.446268 -2.88525
0.447045 -2.89765
0.447821 -2.91015
0.448597 -2.92285
0.449373 -2.93565
0.450149 -2.94845
0.450926 -2.96135
0.451702 -2.97425
0.452478 -2.98715
0.453254 -2.99985
0.45403 -3.01245
0.454806 -3.02495
0.455583 -3.03725
0.456359 -3.04925
0.457135 -3.06105
0.457911 -3.07255
0.458687 -3.08375
0.459463 -3.09465
0.46024 -3.10525
0.461016 -3.11555
0.461792 -3.12555
0.462568 -3.13525
0.463344 -3.14465
0.464121 -3.15375
0.464897 -3.16275
0.465673 -3.17075
0.466449 -3.17845
0.467225 -3.18625
0.468001 -3.19405
0.468778 -3.20195
0.469554 -3.20985
0.47033 -3.21785
0.471106 -3.22575
0.471882 -3.23375
0.472658 -3.24175
0.473435 -3.24985
0.474211 -3.25715
0.474987 -3.26445
0.475763 -3.27165
0.476539 -3.27875
0.477316 -3.28585
0.478092 -3.29285
0.478868 -3.29985
0.479644 -3.30675
0.48042 -3.31355
0.481196 -3.32025
0.481973 -3.32685
0.482749 -3.33325
0.483525 -3.33955
0.484301 -3.34565
0.485077 -3.35145
0.485854 -3.35685
0.48663 -3.36185
0.487406 -3.36625
0.488182 -3.36995
0.488958 -3.37265
0.489734 -3.37435
0.489734 -3.37435
0.490832 -3.37165
0.49193 -3.36675
0.493027 -3.36025
0.494125 -3.35255
0.495223 -3.34395
0.49632 -3.33475
0.497418 -3.32515
0.498516 -3.31525
0.499614 -3.30505
0.500711 -3.29485
0.501809 -3.28445
0.502907 -3.27405
0.504004 -3.26355
0.505102 -3.25315
0.5062 -3.24265
0.507297 -3.23215
0.508395 -3.22165
0.509493 -3.21115
0.51059 -3.20065
0.511688 -3.19025
0.512786 -3.17985
0.513883 -3.16955
0.514981 -3.15925
0.516079 -3.14915
0.517176 -3.13905
0.518274 -3.12895
0.519372 -3.11905
0.520469 -3.10935
0.521567 -3.09965
0.522665 -3.09015
0.523762 -3.08075
0.52486 -3.07155
0.525958 -3.06245
0.527056 -3.05345
0.528153 -3.04475
0.529251 -3.03605
0.530349 -3.02765
0.531446 -3.01935
0.532544 -3.01115
0.533642 -3.00315
0.534739 -2.99525
0.535837 -2.98645
0.536935 -2.97495
0.538032 -2.96345
0.53913 -2.95195
0.540228 -2.94045
0.541325 -2.92905
0.542423 -2.91775
0.543521 -2.90645
0.544618 -2.89525
0.545716 -2.88405
0.546814 -2.87295
0.547911 -2.86195
0.549009 -2.85105
0.550107 -2.84015
0.551204 -2.82935
0.552302 -2.81875
0.5534 -2.80815
0.554498 -2.79765
0.555595 -2.78735
0.556693 -2.77715
0.557791 -2.76705
0.558888 -2.75715
0.559986 -2.74735
0.561084 -2.73785
0.562181 -2.72845
0.563279 -2.71925
0.564377 -2.71035
0.565474 -2.70165
0.566572 -2.69325
0.56767 -2.68515
0.568767 -2.67735
0.569865 -2.66985
0.570963 -2.66265
0.57206 -2.65585
0.573158 -2.64935
0.574256 -2.64315
0.575353 -2.63735
0.576451 -2.63195
0.577549 -2.62685
0.578647 -2.62205
0.579744 -2.61755
0.580842 -2.61325
0.58194 -2.60925
0.583037 -2.60535
0.584135 -2.60165
0.585233 -2.59805
0.58633 -2.59465
0.587428 -2.59145
0.588526 -2.58845
0.589623 -2.58565
0.590721 -2.58325
0.591819 -2.58115
0.592916 -2.57955
0.594014 -2.57835
0.595112 -2.57765
0.596209 -2.57735
0.597307 -2.57765
0.598405 -2.57845
