# Band 90 from P4mcc-bands-soc.dat
# Original plotting-script index j = 89
# Energy column is E - E_F in eV; Fermi level is therefore at 0 eV in these files.
# Columns: k_distance  energy_minus_EF_eV
0 2.58725
0.000776178 2.58765
0.00155235 2.58865
0.00232853 2.59045
0.00310471 2.59285
0.00388089 2.59605
0.00465706 2.59985
0.00543324 2.60425
0.00620942 2.60935
0.0069856 2.61505
0.00776177 2.62135
0.00853795 2.62805
0.00931413 2.63525
0.0100903 2.64305
0.0108665 2.65125
0.0116427 2.65985
0.0124188 2.66875
0.013195 2.67805
0.0139712 2.68755
0.0147474 2.69735
0.0155235 2.70725
0.0162997 2.71725
0.0170759 2.72725
0.0178521 2.73745
0.0186283 2.74745
0.0194044 2.75735
0.0201806 2.76715
0.0209568 2.77665
0.021733 2.78585
0.0225091 2.79485
0.0232853 2.80335
0.0240615 2.81155
0.0248377 2.81925
0.0256138 2.82625
0.02639 2.83285
0.0271662 2.83775
0.0279424 2.83915
0.0287186 2.83755
0.0294947 2.83555
0.0302709 2.83335
0.0310471 2.83085
0.0318233 2.82825
0.0325994 2.82565
0.0333756 2.82265
0.0341518 2.81955
0.034928 2.81655
0.0357042 2.81315
0.0364803 2.80945
0.0372565 2.80535
0.0380327 2.80135
0.0388089 2.79705
0.039585 2.79265
0.0403612 2.78785
0.0411374 2.78295
0.0419136 2.77775
0.0426897 2.77225
0.0434659 2.76655
0.0442421 2.76065
0.0450183 2.75445
0.0457945 2.74815
0.0465706 2.74175
0.0473468 2.73535
0.048123 2.72905
0.0488992 2.72295
0.0496753 2.71705
0.0504515 2.71145
0.0512277 2.70635
0.0520039 2.70175
0.0527801 2.69775
0.0535562 2.69445
0.0543324 2.69175
0.0551086 2.68985
0.0558848 2.68865
0.0566609 2.68825
0.0574371 2.68845
0.0582133 2.68915
0.0589895 2.69015
0.0597656 2.69135
0.0605418 2.69255
0.061318 2.69355
0.0620942 2.69405
0.0628704 2.69325
0.0636465 2.69145
0.0644227 2.68935
0.0651989 2.68725
0.0659751 2.68525
0.0667512 2.68335
0.0675274 2.68155
0.0683036 2.67995
0.0690798 2.67855
0.069856 2.67725
0.0706321 2.67605
0.0714083 2.67505
0.0721845 2.67425
0.0729607 2.67355
0.0737368 2.67295
0.074513 2.67255
0.0752892 2.67225
0.0760654 2.67205
0.0768415 2.67195
0.0768415 2.67195
0.0776177 2.67245
0.0783939 2.67375
0.0791701 2.67535
0.0799463 2.67675
0.0807224 2.67775
0.0814986 2.67815
0.0822748 2.67815
0.083051 2.67775
0.0838271 2.67695
0.0846033 2.67585
0.0853795 2.67455
0.0861557 2.67305
0.0869319 2.67135
0.087708 2.66945
0.0884842 2.66735
0.0892604 2.66515
0.0900366 2.66275
0.0908127 2.66015
0.0915889 2.65755
0.0923651 2.65485
0.0931413 2.65215
0.0939174 2.64955
0.0946936 2.64725
0.0954698 2.64535
0.096246 2.64445
0.0970222 2.64485
0.0977983 2.64695
0.0985745 2.65065
0.0993507 2.65575
0.100127 2.66155
0.100903 2.66775
0.101679 2.67395
0.102455 2.67995
0.103232 2.68555
0.104008 2.69085
0.104784 2.69555
0.10556 2.69975
0.106336 2.70355
0.107112 2.70695
0.107889 2.70985
0.108665 2.71255
0.109441 2.71485
0.110217 2.71685
0.110993 2.71865
0.11177 2.72015
0.112546 2.72155
0.113322 2.72285
0.114098 2.72385
0.114874 2.72485
0.11565 2.72565
0.116427 2.72635
0.117203 2.72695
0.117979 2.72745
0.118755 2.72795
0.119531 2.72835
0.120307 2.72865
0.121084 2.72895
0.12186 2.72915
0.122636 2.72935
0.123412 2.72945
0.124188 2.72955
0.124965 2.72965
0.125741 2.72965
0.126517 2.72965
0.127293 2.72965
0.128069 2.72965
0.128845 2.72955
0.129622 2.72945
0.130398 2.72935
0.131174 2.72925
0.13195 2.72915
0.132726 2.72905
0.133502 2.72885
0.134279 2.72875
0.135055 2.72865
0.135831 2.72855
0.136607 2.72845
0.137383 2.72845
0.13816 2.72845
0.138936 2.72855
0.139712 2.72865
0.140488 2.72895
0.141264 2.72935
0.14204 2.72985
0.142817 2.73055
0.143593 2.73145
0.144369 2.73255
0.145145 2.73375
0.145921 2.73505
0.146697 2.73645
0.147474 2.73765
0.14825 2.73885
0.149026 2.73995
0.149802 2.74085
0.150578 2.74165
0.151355 2.74225
0.152131 2.74275
0.152907 2.74295
0.153683 2.74305
0.153683 2.74305
0.154781 2.74295
0.155878 2.74235
0.156976 2.74145
0.158074 2.74025
0.159171 2.73865
0.160269 2.73665
0.161367 2.73435
0.162465 2.73165
0.163562 2.72865
0.16466 2.72545
0.165758 2.72205
0.166855 2.71905
0.167953 2.71725
0.169051 2.71605
0.170148 2.71505
0.171246 2.71395
0.172344 2.71285
0.173441 2.71155
0.174539 2.71015
0.175637 2.70855
0.176734 2.70685
0.177832 2.70485
0.17893 2.70275
0.180027 2.70035
0.181125 2.69775
0.182223 2.69495
0.18332 2.69175
0.184418 2.68835
0.185516 2.68455
0.186614 2.68045
0.187711 2.67605
0.188809 2.67125
0.189907 2.66595
0.191004 2.66035
0.192102 2.65425
0.1932 2.64765
0.194297 2.64065
0.195395 2.63315
0.196493 2.62515
0.19759 2.61675
0.198688 2.60795
0.199786 2.59865
0.200883 2.58905
0.201981 2.57915
0.203079 2.56905
0.204176 2.55885
0.205274 2.54855
0.206372 2.53835
0.207469 2.52895
0.208567 2.53175
0.209665 2.54975
0.210762 2.56875
0.21186 2.58795
0.212958 2.60705
0.214056 2.62575
0.215153 2.64375
0.216251 2.66075
0.217349 2.67655
0.218446 2.69095
0.219544 2.70385
0.220642 2.71515
0.221739 2.72505
0.222837 2.73395
0.223935 2.74185
0.225032 2.74915
0.22613 2.75585
0.227228 2.76235
0.228325 2.76835
0.229423 2.77405
0.230521 2.77965
0.231618 2.78465
0.232716 2.78935
0.233814 2.79335
0.234911 2.79665
0.236009 2.79895
0.237107 2.79965
0.238204 2.79845
0.239302 2.79455
0.2404 2.78755
0.241498 2.77765
0.242595 2.76535
0.243693 2.75165
0.244791 2.73715
0.245888 2.72235
0.246986 2.70755
0.248084 2.69305
0.249181 2.67905
0.250279 2.66565
0.251377 2.65305
0.252474 2.64135
0.253572 2.63045
0.25467 2.62075
0.255767 2.61205
0.256865 2.60465
0.257963 2.59845
0.25906 2.59355
0.260158 2.59005
0.261256 2.58795
0.262353 2.58725
0.262353 2.58725
0.263098 2.58735
0.263842 2.58775
0.264587 2.58835
0.265331 2.58915
0.266076 2.59025
0.26682 2.59155
0.267564 2.59295
0.268309 2.59465
0.269053 2.59635
0.269798 2.59835
0.270542 2.60035
0.271287 2.60255
0.272031 2.60485
0.272775 2.60715
0.27352 2.60965
0.274264 2.61215
0.275009 2.61475
0.275753 2.61735
0.276497 2.62005
0.277242 2.62275
0.277986 2.62555
0.278731 2.62835
0.279475 2.63115
0.28022 2.63405
0.280964 2.63705
0.281708 2.63995
0.282453 2.64295
0.283197 2.64595
0.283942 2.64895
0.284686 2.65205
0.285431 2.65515
0.286175 2.65835
0.286919 2.66155
0.287664 2.66475
0.288408 2.66805
0.289153 2.67145
0.289897 2.67475
0.290642 2.67375
0.291386 2.67175
0.29213 2.67055
0.292875 2.67025
0.293619 2.67085
0.294364 2.67225
0.295108 2.67465
0.295852 2.67805
0.296597 2.68255
0.297341 2.68795
0.298086 2.69445
0.29883 2.70195
0.299575 2.71045
0.300319 2.72005
0.301063 2.73075
0.301808 2.74245
0.302552 2.75515
0.303297 2.76475
0.304041 2.77285
0.304786 2.78145
0.30553 2.79065
0.306274 2.80025
0.307019 2.81025
0.307763 2.82075
0.308508 2.83155
0.309252 2.84275
0.309997 2.85415
0.310741 2.86565
0.311485 2.87715
0.31223 2.88835
0.312974 2.89865
0.313719 2.90725
0.314463 2.91235
0.315207 2.91345
0.315952 2.91125
0.316696 2.90725
0.317441 2.90245
0.318185 2.89675
0.31893 2.89095
0.319674 2.88505
0.320418 2.87905
0.321163 2.87305
0.321907 2.86705
0.322652 2.86105
0.323396 2.85515
0.324141 2.84915
0.324885 2.84325
0.325629 2.83745
0.326374 2.83175
0.327118 2.82605
0.327863 2.82045
0.328607 2.81495
0.329351 2.81305
0.330096 2.82635
0.33084 2.83965
0.331585 2.85285
0.332329 2.86605
0.333074 2.87915
0.333818 2.89205
0.334562 2.90505
0.335307 2.91785
0.336051 2.93065
0.336051 2.93065
0.336827 2.93035
0.337604 2.93005
0.33838 2.92965
0.339156 2.92925
0.339932 2.92875
0.340708 2.92825
0.341485 2.92765
0.342261 2.92695
0.343037 2.92625
0.343813 2.92535
0.344589 2.92445
0.345365 2.92325
0.346142 2.92195
0.346918 2.92045
0.347694 2.91875
0.34847 2.91675
0.349246 2.91425
0.350022 2.91145
0.350799 2.90845
0.351575 2.90515
0.352351 2.90175
0.353127 2.89805
0.353903 2.89425
0.35468 2.89015
0.355456 2.88595
0.356232 2.88155
0.357008 2.87695
0.357784 2.87225
0.35856 2.86735
0.359337 2.86235
0.360113 2.85725
0.360889 2.85195
0.361665 2.84665
0.362441 2.84115
0.363218 2.83565
0.363994 2.82995
0.36477 2.82425
0.365546 2.81845
0.366322 2.81205
0.367098 2.80545
0.367875 2.79875
0.368651 2.79195
0.369427 2.78515
0.370203 2.77825
0.370979 2.77135
0.371755 2.76445
0.372532 2.75745
0.373308 2.75045
0.374084 2.74335
0.37486 2.73635
0.375636 2.72935
0.376413 2.72235
0.377189 2.71545
0.377965 2.70845
0.378741 2.70165
0.379517 2.69475
0.380293 2.68805
0.38107 2.68135
0.381846 2.67465
0.382622 2.66815
0.383398 2.66165
0.384174 2.65535
0.38495 2.64915
0.385727 2.64305
0.386503 2.63705
0.387279 2.63115
0.388055 2.62545
0.388831 2.61995
0.389608 2.61455
0.390384 2.60935
0.39116 2.60435
0.391936 2.59955
0.392712 2.59495
0.393488 2.59055
0.394265 2.58645
0.395041 2.58255
0.395817 2.57885
0.396593 2.57545
0.397369 2.57225
0.398145 2.56935
0.398922 2.56675
0.399698 2.56445
0.400474 2.56235
0.40125 2.56065
0.402026 2.55915
0.402803 2.55795
0.403579 2.55705
0.404355 2.55645
0.405131 2.55605
0.405907 2.55595
0.406683 2.55605
0.40746 2.55635
0.408236 2.55685
0.409012 2.55765
0.409788 2.55855
0.410564 2.55955
0.41134 2.56075
0.412117 2.56205
0.412893 2.56345
0.412893 2.56345
0.413669 2.55755
0.414445 2.55085
0.415221 2.54355
0.415998 2.53585
0.416774 2.52765
0.41755 2.51915
0.418326 2.51035
0.419102 2.50135
0.419878 2.49225
0.420655 2.48315
0.421431 2.47405
0.422207 2.46505
0.422983 2.45625
0.423759 2.44775
0.424536 2.43945
0.425312 2.43165
0.426088 2.42425
0.426864 2.41725
0.42764 2.41075
0.428416 2.40485
0.429193 2.39935
0.429969 2.39435
0.430745 2.38995
0.431521 2.38585
0.432297 2.38235
0.433073 2.37915
0.43385 2.37635
0.434626 2.37395
0.435402 2.37185
0.436178 2.37005
0.436954 2.36855
0.437731 2.36735
0.438507 2.36635
0.439283 2.36565
0.440059 2.36505
0.440835 2.36475
0.441611 2.36465
0.442388 2.36475
0.443164 2.36495
0.44394 2.36545
0.444716 2.36605
0.445492 2.36685
0.446268 2.36775
0.447045 2.36885
0.447821 2.37015
0.448597 2.37155
0.449373 2.37315
0.450149 2.37475
0.450926 2.37655
0.451702 2.37855
0.452478 2.38055
0.453254 2.38265
0.45403 2.38495
0.454806 2.38725
0.455583 2.38955
0.456359 2.39195
0.457135 2.39445
0.457911 2.39685
0.458687 2.39925
0.459463 2.40165
0.46024 2.40395
0.461016 2.40615
0.461792 2.40825
0.462568 2.41015
0.463344 2.41195
0.464121 2.41355
0.464897 2.41495
0.465673 2.41615
0.466449 2.41705
0.467225 2.41775
0.468001 2.41815
0.468778 2.41835
0.469554 2.41825
0.47033 2.41795
0.471106 2.41745
0.471882 2.41675
0.472658 2.41585
0.473435 2.41485
0.474211 2.41385
0.474987 2.41265
0.475763 2.41155
0.476539 2.41045
0.477316 2.40945
0.478092 2.40855
0.478868 2.40785
0.479644 2.40725
0.48042 2.40695
0.481196 2.40695
0.481973 2.40715
0.482749 2.40755
0.483525 2.40825
0.484301 2.40925
0.485077 2.41035
0.485854 2.41175
0.48663 2.41335
0.487406 2.41515
0.488182 2.41705
0.488958 2.41915
0.489734 2.42135
0.489734 2.42135
0.490832 2.41825
0.49193 2.41535
0.493027 2.41265
0.494125 2.41025
0.495223 2.40805
0.49632 2.40605
0.497418 2.40435
0.498516 2.40285
0.499614 2.40165
0.500711 2.40075
0.501809 2.40025
0.502907 2.39995
0.504004 2.40005
0.505102 2.40035
0.5062 2.40095
0.507297 2.40165
0.508395 2.40245
0.509493 2.40325
0.51059 2.40395
0.511688 2.40445
0.512786 2.40475
0.513883 2.40465
0.514981 2.40425
0.516079 2.40335
0.517176 2.40205
0.518274 2.40025
0.519372 2.39795
0.520469 2.39525
0.521567 2.39205
0.522665 2.38835
0.523762 2.38435
0.52486 2.38005
0.525958 2.37555
0.527056 2.37075
0.528153 2.36595
0.529251 2.36115
0.530349 2.35645
0.531446 2.35195
0.532544 2.34775
0.533642 2.34395
0.534739 2.34065
0.535837 2.33795
0.536935 2.33595
0.538032 2.33485
0.53913 2.33455
0.540228 2.33535
0.541325 2.33725
0.542423 2.34025
0.543521 2.34445
0.544618 2.34995
0.545716 2.35675
0.546814 2.36475
0.547911 2.37405
0.549009 2.38465
0.550107 2.39635
0.551204 2.40915
0.552302 2.42305
0.5534 2.43785
0.554498 2.45365
0.555595 2.47025
0.556693 2.48745
0.557791 2.50535
0.558888 2.52375
0.559986 2.54265
0.561084 2.56185
0.562181 2.58125
0.563279 2.60085
0.564377 2.62055
0.565474 2.64015
0.566572 2.65975
0.56767 2.67915
0.568767 2.69825
0.569865 2.71695
0.570963 2.73525
0.57206 2.75305
0.573158 2.77025
0.574256 2.78675
0.575353 2.80245
0.576451 2.81735
0.577549 2.83135
0.578647 2.84435
0.579744 2.85645
0.580842 2.86745
0.58194 2.87745
0.583037 2.88635
0.584135 2.89435
0.585233 2.90125
0.58633 2.90715
0.587428 2.91225
0.588526 2.91645
0.589623 2.91995
0.590721 2.92275
0.591819 2.92495
0.592916 2.92665
0.594014 2.92795
0.595112 2.92895
0.596209 2.92965
0.597307 2.93015
0.598405 2.93065
