# Band 53 from P4mcc-bands-soc.dat
# Original plotting-script index j = 52
# Energy column is E - E_F in eV; Fermi level is therefore at 0 eV in these files.
# Columns: k_distance  energy_minus_EF_eV
0 -2.97135
0.000776178 -2.97135
0.00155235 -2.97145
0.00232853 -2.97165
0.00310471 -2.97185
0.00388089 -2.97215
0.00465706 -2.97245
0.00543324 -2.97285
0.00620942 -2.97335
0.0069856 -2.97385
0.00776177 -2.97445
0.00853795 -2.97505
0.00931413 -2.97565
0.0100903 -2.97635
0.0108665 -2.97715
0.0116427 -2.97785
0.0124188 -2.97865
0.013195 -2.97945
0.0139712 -2.98025
0.0147474 -2.98105
0.0155235 -2.98185
0.0162997 -2.98265
0.0170759 -2.98345
0.0178521 -2.98415
0.0186283 -2.98475
0.0194044 -2.98525
0.0201806 -2.98575
0.0209568 -2.98595
0.021733 -2.98605
0.0225091 -2.98585
0.0232853 -2.98535
0.0240615 -2.98445
0.0248377 -2.98295
0.0256138 -2.98095
0.02639 -2.97815
0.0271662 -2.97435
0.0279424 -2.96945
0.0287186 -2.96315
0.0294947 -2.95525
0.0302709 -2.94565
0.0310471 -2.93425
0.0318233 -2.92095
0.0325994 -2.90605
0.0333756 -2.88975
0.0341518 -2.87215
0.034928 -2.85355
0.0357042 -2.83425
0.0364803 -2.81465
0.0372565 -2.79485
0.0380327 -2.77515
0.0388089 -2.75595
0.039585 -2.73755
0.0403612 -2.72025
0.0411374 -2.70455
0.0419136 -2.69105
0.0426897 -2.68025
0.0434659 -2.67275
0.0442421 -2.66885
0.0450183 -2.66885
0.0457945 -2.67265
0.0465706 -2.68005
0.0473468 -2.69055
0.048123 -2.70355
0.0488992 -2.71865
0.0496753 -2.73545
0.0504515 -2.75335
0.0512277 -2.77215
0.0520039 -2.79155
0.0527801 -2.81125
0.0535562 -2.83105
0.0543324 -2.85055
0.0551086 -2.86945
0.0558848 -2.88735
0.0566609 -2.90365
0.0574371 -2.91795
0.0582133 -2.92955
0.0589895 -2.93755
0.0597656 -2.94115
0.0605418 -2.93975
0.061318 -2.93315
0.0620942 -2.92245
0.0628704 -2.90905
0.0636465 -2.89445
0.0644227 -2.87945
0.0651989 -2.86435
0.0659751 -2.84965
0.0667512 -2.83555
0.0675274 -2.82205
0.0683036 -2.80935
0.0690798 -2.79755
0.069856 -2.78665
0.0706321 -2.77685
0.0714083 -2.76805
0.0721845 -2.76035
0.0729607 -2.75385
0.0737368 -2.74845
0.074513 -2.74425
0.0752892 -2.74125
0.0760654 -2.73945
0.0768415 -2.73875
0.0768415 -2.73875
0.0776177 -2.73875
0.0783939 -2.73885
0.0791701 -2.73885
0.0799463 -2.73885
0.0807224 -2.73885
0.0814986 -2.73885
0.0822748 -2.73885
0.083051 -2.73885
0.0838271 -2.73895
0.0846033 -2.73895
0.0853795 -2.73895
0.0861557 -2.73895
0.0869319 -2.73895
0.087708 -2.73895
0.0884842 -2.73885
0.0892604 -2.73885
0.0900366 -2.73875
0.0908127 -2.73855
0.0915889 -2.73835
0.0923651 -2.73795
0.0931413 -2.73735
0.0939174 -2.73645
0.0946936 -2.73495
0.0954698 -2.73225
0.096246 -2.72775
0.0970222 -2.72125
0.0977983 -2.71335
0.0985745 -2.70475
0.0993507 -2.69585
0.100127 -2.68695
0.100903 -2.67825
0.101679 -2.66965
0.102455 -2.66135
0.103232 -2.65365
0.104008 -2.64655
0.104784 -2.64065
0.10556 -2.63705
0.106336 -2.63755
0.107112 -2.64385
0.107889 -2.65515
0.108665 -2.66845
0.109441 -2.68135
0.110217 -2.69255
0.110993 -2.70145
0.11177 -2.70805
0.112546 -2.71285
0.113322 -2.71645
0.114098 -2.71915
0.114874 -2.72135
0.11565 -2.72325
0.116427 -2.72495
0.117203 -2.72655
0.117979 -2.72805
0.118755 -2.72955
0.119531 -2.73085
0.120307 -2.73205
0.121084 -2.73275
0.12186 -2.73285
0.122636 -2.73205
0.123412 -2.73015
0.124188 -2.72675
0.124965 -2.72195
0.125741 -2.71555
0.126517 -2.70785
0.127293 -2.69905
0.128069 -2.68925
0.128845 -2.67885
0.129622 -2.66805
0.130398 -2.65695
0.131174 -2.64575
0.13195 -2.63465
0.132726 -2.62375
0.133502 -2.61305
0.134279 -2.60275
0.135055 -2.59295
0.135831 -2.58355
0.136607 -2.57465
0.137383 -2.56625
0.13816 -2.55835
0.138936 -2.55115
0.139712 -2.54435
0.140488 -2.53815
0.141264 -2.53255
0.14204 -2.52745
0.142817 -2.52285
0.143593 -2.51885
0.144369 -2.51525
0.145145 -2.51205
0.145921 -2.50935
0.146697 -2.50695
0.147474 -2.50495
0.14825 -2.50325
0.149026 -2.50185
0.149802 -2.50075
0.150578 -2.49985
0.151355 -2.49915
0.152131 -2.49865
0.152907 -2.49835
0.153683 -2.49825
0.153683 -2.49825
0.154781 -2.49845
0.155878 -2.49915
0.156976 -2.50025
0.158074 -2.50225
0.159171 -2.50525
0.160269 -2.50955
0.161367 -2.51515
0.162465 -2.52225
0.163562 -2.53055
0.16466 -2.54005
0.165758 -2.55035
0.166855 -2.56135
0.167953 -2.57275
0.169051 -2.58435
0.170148 -2.59585
0.171246 -2.60715
0.172344 -2.61785
0.173441 -2.62785
0.174539 -2.63695
0.175637 -2.64475
0.176734 -2.65105
0.177832 -2.65575
0.17893 -2.65865
0.180027 -2.65975
0.181125 -2.65915
0.182223 -2.65745
0.18332 -2.65515
0.184418 -2.65305
0.185516 -2.65185
0.186614 -2.65225
0.187711 -2.65465
0.188809 -2.65945
0.189907 -2.66645
0.191004 -2.67575
0.192102 -2.68685
0.1932 -2.69965
0.194297 -2.71375
0.195395 -2.72905
0.196493 -2.74525
0.19759 -2.75695
0.198688 -2.73995
0.199786 -2.72505
0.200883 -2.71425
0.201981 -2.70785
0.203079 -2.70585
0.204176 -2.70755
0.205274 -2.71225
0.206372 -2.71935
0.207469 -2.72815
0.208567 -2.73825
0.209665 -2.74945
0.210762 -2.76155
0.21186 -2.77425
0.212958 -2.78755
0.214056 -2.80125
0.215153 -2.81545
0.216251 -2.82995
0.217349 -2.84465
0.218446 -2.85965
0.219544 -2.87485
0.220642 -2.89015
0.221739 -2.90545
0.222837 -2.92085
0.223935 -2.93595
0.225032 -2.95085
0.22613 -2.96525
0.227228 -2.97875
0.228325 -2.99095
0.229423 -3.00115
0.230521 -3.00885
0.231618 -3.01375
0.232716 -3.01585
0.233814 -3.01595
0.234911 -3.01465
0.236009 -3.01255
0.237107 -3.00985
0.238204 -3.00695
0.239302 -3.00385
0.2404 -3.00085
0.241498 -2.99785
0.242595 -2.99505
0.243693 -2.99235
0.244791 -2.98975
0.245888 -2.98735
0.246986 -2.98515
0.248084 -2.98315
0.249181 -2.98125
0.250279 -2.97965
0.251377 -2.97815
0.252474 -2.97675
0.253572 -2.97555
0.25467 -2.97455
0.255767 -2.97375
0.256865 -2.97295
0.257963 -2.97235
0.25906 -2.97195
0.260158 -2.97165
0.261256 -2.97145
0.262353 -2.97135
0.262353 -2.97135
0.263098 -2.97105
0.263842 -2.97005
0.264587 -2.96845
0.265331 -2.96625
0.266076 -2.96335
0.26682 -2.95985
0.267564 -2.95565
0.268309 -2.95095
0.269053 -2.94565
0.269798 -2.93965
0.270542 -2.93325
0.271287 -2.92615
0.272031 -2.91855
0.272775 -2.91045
0.27352 -2.90185
0.274264 -2.89275
0.275009 -2.88325
0.275753 -2.87325
0.276497 -2.86285
0.277242 -2.85195
0.277986 -2.84075
0.278731 -2.82915
0.279475 -2.81725
0.28022 -2.80495
0.280964 -2.79245
0.281708 -2.77955
0.282453 -2.76645
0.283197 -2.75315
0.283942 -2.73965
0.284686 -2.72585
0.285431 -2.71195
0.286175 -2.69795
0.286919 -2.68385
0.287664 -2.66965
0.288408 -2.65535
0.289153 -2.64095
0.289897 -2.63265
0.290642 -2.62885
0.291386 -2.62505
0.29213 -2.62135
0.292875 -2.61755
0.293619 -2.61405
0.294364 -2.61065
0.295108 -2.60775
0.295852 -2.60545
0.296597 -2.60445
0.297341 -2.60575
0.298086 -2.61115
0.29883 -2.62305
0.299575 -2.64245
0.300319 -2.66795
0.301063 -2.69735
0.301808 -2.72905
0.302552 -2.76225
0.303297 -2.79635
0.304041 -2.83115
0.304786 -2.86645
0.30553 -2.90215
0.306274 -2.93825
0.307019 -2.92685
0.307763 -2.91335
0.308508 -2.89965
0.309252 -2.88565
0.309997 -2.87135
0.310741 -2.85685
0.311485 -2.84195
0.31223 -2.82685
0.312974 -2.81135
0.313719 -2.79565
0.314463 -2.77975
0.315207 -2.76355
0.315952 -2.74715
0.316696 -2.73065
0.317441 -2.71385
0.318185 -2.69705
0.31893 -2.68005
0.319674 -2.66295
0.320418 -2.64595
0.321163 -2.62875
0.321907 -2.61165
0.322652 -2.59455
0.323396 -2.57755
0.324141 -2.56065
0.324885 -2.54385
0.325629 -2.53875
0.326374 -2.54915
0.327118 -2.55965
0.327863 -2.57025
0.328607 -2.58085
0.329351 -2.59155
0.330096 -2.60235
0.33084 -2.61325
0.331585 -2.62405
0.332329 -2.63355
0.333074 -2.62235
0.333818 -2.61125
0.334562 -2.60025
0.335307 -2.58925
0.336051 -2.57845
0.336051 -2.57845
0.336827 -2.57925
0.337604 -2.58045
0.33838 -2.58185
0.339156 -2.58355
0.339932 -2.58555
0.340708 -2.58785
0.341485 -2.59035
0.342261 -2.59315
0.343037 -2.59615
0.343813 -2.59925
0.344589 -2.60235
0.345365 -2.60515
0.346142 -2.60765
0.346918 -2.60935
0.347694 -2.61025
0.34847 -2.61045
0.349246 -2.60995
0.350022 -2.60905
0.350799 -2.60785
0.351575 -2.60645
0.352351 -2.60505
0.353127 -2.60355
0.353903 -2.60215
0.35468 -2.60275
0.355456 -2.60465
0.356232 -2.60645
0.357008 -2.60835
0.357784 -2.61025
0.35856 -2.61215
0.359337 -2.61405
0.360113 -2.61605
0.360889 -2.61805
0.361665 -2.62005
0.362441 -2.62215
0.363218 -2.62425
0.363994 -2.62635
0.36477 -2.62855
0.365546 -2.63075
0.366322 -2.63305
0.367098 -2.63535
0.367875 -2.63765
0.368651 -2.64005
0.369427 -2.64245
0.370203 -2.64495
0.370979 -2.64745
0.371755 -2.65005
0.372532 -2.65275
0.373308 -2.65535
0.374084 -2.65815
0.37486 -2.66085
0.375636 -2.66365
0.376413 -2.66655
0.377189 -2.66945
0.377965 -2.67235
0.378741 -2.67525
0.379517 -2.67815
0.380293 -2.68105
0.38107 -2.68395
0.381846 -2.68685
0.382622 -2.68965
0.383398 -2.69245
0.384174 -2.69515
0.38495 -2.69775
0.385727 -2.70025
0.386503 -2.70255
0.387279 -2.70475
0.388055 -2.70675
0.388831 -2.70865
0.389608 -2.71015
0.390384 -2.71155
0.39116 -2.71265
0.391936 -2.71335
0.392712 -2.71385
0.393488 -2.71405
0.394265 -2.71395
0.395041 -2.71355
0.395817 -2.71275
0.396593 -2.71175
0.397369 -2.71035
0.398145 -2.70875
0.398922 -2.70695
0.399698 -2.70485
0.400474 -2.70255
0.40125 -2.70015
0.402026 -2.69755
0.402803 -2.69485
0.403579 -2.69205
0.404355 -2.68925
0.405131 -2.68635
0.405907 -2.68345
0.406683 -2.68055
0.40746 -2.67775
0.408236 -2.67495
0.409012 -2.67215
0.409788 -2.66945
0.410564 -2.66685
0.41134 -2.66435
0.412117 -2.66185
0.412893 -2.65955
0.412893 -2.65955
0.413669 -2.66155
0.414445 -2.66385
0.415221 -2.66645
0.415998 -2.66935
0.416774 -2.67245
0.41755 -2.67595
0.418326 -2.67965
0.419102 -2.68365
0.419878 -2.68795
0.420655 -2.69245
0.421431 -2.69715
0.422207 -2.70225
0.422983 -2.70745
0.423759 -2.71305
0.424536 -2.71875
0.425312 -2.72475
0.426088 -2.73095
0.426864 -2.73745
0.42764 -2.74415
0.428416 -2.75105
0.429193 -2.75815
0.429969 -2.76545
0.430745 -2.77295
0.431521 -2.78075
0.432297 -2.78875
0.433073 -2.79685
0.43385 -2.80525
0.434626 -2.81375
0.435402 -2.82255
0.436178 -2.83145
0.436954 -2.84055
0.437731 -2.84995
0.438507 -2.85935
0.439283 -2.86905
0.440059 -2.87885
0.440835 -2.88885
0.441611 -2.89895
0.442388 -2.90925
0.443164 -2.91965
0.44394 -2.93005
0.444716 -2.94065
0.445492 -2.95115
0.446268 -2.96175
0.447045 -2.97225
0.447821 -2.98275
0.448597 -2.99305
0.449373 -3.00315
0.450149 -3.01305
0.450926 -3.02265
0.451702 -3.03195
0.452478 -3.04095
0.453254 -3.04965
0.45403 -3.05795
0.454806 -3.06605
0.455583 -3.07385
0.456359 -3.08155
0.457135 -3.08905
0.457911 -3.09645
0.458687 -3.10375
0.459463 -3.11105
0.46024 -3.11835
0.461016 -3.12575
0.461792 -3.13305
0.462568 -3.14045
0.463344 -3.14795
0.464121 -3.15545
0.464897 -3.16305
0.465673 -3.17145
0.466449 -3.17985
0.467225 -3.18825
0.468001 -3.19635
0.468778 -3.20435
0.469554 -3.21215
0.47033 -3.21995
0.471106 -3.22755
0.471882 -3.23505
0.472658 -3.24255
0.473435 -3.24985
0.474211 -3.25785
0.474987 -3.26575
0.475763 -3.27375
0.476539 -3.28165
0.477316 -3.28955
0.478092 -3.29735
0.478868 -3.30505
0.479644 -3.31265
0.48042 -3.32015
0.481196 -3.32745
0.481973 -3.33465
0.482749 -3.34145
0.483525 -3.34795
0.484301 -3.35415
0.485077 -3.35975
0.485854 -3.36465
0.48663 -3.36885
0.487406 -3.37205
0.488182 -3.37405
0.488958 -3.37485
0.489734 -3.37435
0.489734 -3.37435
0.490832 -3.37475
0.49193 -3.37265
0.493027 -3.36855
0.494125 -3.36295
0.495223 -3.35615
0.49632 -3.34855
0.497418 -3.34045
0.498516 -3.33205
0.499614 -3.32345
0.500711 -3.31465
0.501809 -3.30575
0.502907 -3.29675
0.504004 -3.28785
0.505102 -3.27875
0.5062 -3.26975
0.507297 -3.26065
0.508395 -3.25155
0.509493 -3.24245
0.51059 -3.23315
0.511688 -3.22385
0.512786 -3.21445
0.513883 -3.20485
0.514981 -3.19515
0.516079 -3.18535
0.517176 -3.17535
0.518274 -3.16525
0.519372 -3.15495
0.520469 -3.14445
0.521567 -3.13385
0.522665 -3.12305
0.523762 -3.11215
0.52486 -3.10105
0.525958 -3.08985
0.527056 -3.07865
0.528153 -3.06725
0.529251 -3.05585
0.530349 -3.04435
0.531446 -3.03275
0.532544 -3.02125
0.533642 -3.00965
0.534739 -2.99805
0.535837 -2.98755
0.536935 -2.97995
0.538032 -2.97245
0.53913 -2.96505
0.540228 -2.95775
0.541325 -2.95045
0.542423 -2.94335
0.543521 -2.93625
0.544618 -2.92925
0.545716 -2.92225
0.546814 -2.91525
0.547911 -2.90835
0.549009 -2.90135
0.550107 -2.89425
0.551204 -2.88715
0.552302 -2.87995
0.5534 -2.87265
0.554498 -2.86525
0.555595 -2.85765
0.556693 -2.84985
0.557791 -2.84175
0.558888 -2.83055
0.559986 -2.81905
0.561084 -2.80795
0.562181 -2.79715
0.563279 -2.78655
0.564377 -2.77635
0.565474 -2.76635
0.566572 -2.75665
0.56767 -2.74725
0.568767 -2.73805
0.569865 -2.72915
0.570963 -2.72055
0.57206 -2.71225
0.573158 -2.70425
0.574256 -2.69665
0.575353 -2.68935
0.576451 -2.68245
0.577549 -2.67595
0.578647 -2.66845
0.579744 -2.66045
0.580842 -2.65265
0.58194 -2.64525
0.583037 -2.63805
0.584135 -2.63125
0.585233 -2.62475
0.58633 -2.61855
0.587428 -2.61285
0.588526 -2.60735
0.589623 -2.60235
0.590721 -2.59775
0.591819 -2.59365
0.592916 -2.58985
0.594014 -2.58665
0.595112 -2.58385
0.596209 -2.58155
0.597307 -2.57975
0.598405 -2.57845
