# Band 50 from P4mcc-bands-soc.dat
# Original plotting-script index j = 49
# Energy column is E - E_F in eV; Fermi level is therefore at 0 eV in these files.
# Columns: k_distance  energy_minus_EF_eV
0 -3.55365
0.000776178 -3.55355
0.00155235 -3.55315
0.00232853 -3.55235
0.00310471 -3.55125
0.00388089 -3.54965
0.00465706 -3.54775
0.00543324 -3.54525
0.00620942 -3.54235
0.0069856 -3.53875
0.00776177 -3.53475
0.00853795 -3.53015
0.00931413 -3.52505
0.0100903 -3.51955
0.0108665 -3.51345
0.0116427 -3.50695
0.0124188 -3.49995
0.013195 -3.49245
0.0139712 -3.48425
0.0147474 -3.47555
0.0155235 -3.46605
0.0162997 -3.45595
0.0170759 -3.44505
0.0178521 -3.43355
0.0186283 -3.42145
0.0194044 -3.40875
0.0201806 -3.39565
0.0209568 -3.38225
0.021733 -3.36875
0.0225091 -3.35515
0.0232853 -3.34175
0.0240615 -3.32875
0.0248377 -3.31625
0.0256138 -3.30425
0.02639 -3.29295
0.0271662 -3.28225
0.0279424 -3.27215
0.0287186 -3.26255
0.0294947 -3.25345
0.0302709 -3.24485
0.0310471 -3.23655
0.0318233 -3.22865
0.0325994 -3.22105
0.0333756 -3.21365
0.0341518 -3.20655
0.034928 -3.19965
0.0357042 -3.19305
0.0364803 -3.18665
0.0372565 -3.18045
0.0380327 -3.17445
0.0388089 -3.16875
0.039585 -3.16325
0.0403612 -3.15815
0.0411374 -3.15345
0.0419136 -3.14905
0.0426897 -3.14535
0.0434659 -3.14215
0.0442421 -3.13975
0.0450183 -3.13805
0.0457945 -3.13715
0.0465706 -3.13695
0.0473468 -3.13725
0.048123 -3.13805
0.0488992 -3.13905
0.0496753 -3.14035
0.0504515 -3.14155
0.0512277 -3.14285
0.0520039 -3.14385
0.0527801 -3.14425
0.0535562 -3.14375
0.0543324 -3.14135
0.0551086 -3.13615
0.0558848 -3.12815
0.0566609 -3.11945
0.0574371 -3.11285
0.0582133 -3.11055
0.0589895 -3.11305
0.0597656 -3.11935
0.0605418 -3.12845
0.061318 -3.13895
0.0620942 -3.14955
0.0628704 -3.15925
0.0636465 -3.16735
0.0644227 -3.17365
0.0651989 -3.17865
0.0659751 -3.18265
0.0667512 -3.18595
0.0675274 -3.18885
0.0683036 -3.19125
0.0690798 -3.19345
0.069856 -3.19535
0.0706321 -3.19695
0.0714083 -3.19845
0.0721845 -3.19975
0.0729607 -3.20075
0.0737368 -3.20165
0.074513 -3.20235
0.0752892 -3.20285
0.0760654 -3.20305
0.0768415 -3.20315
0.0768415 -3.20315
0.0776177 -3.20425
0.0783939 -3.20745
0.0791701 -3.21245
0.0799463 -3.21925
0.0807224 -3.22735
0.0814986 -3.23645
0.0822748 -3.24625
0.083051 -3.25655
0.0838271 -3.26695
0.0846033 -3.27705
0.0853795 -3.28655
0.0861557 -3.29515
0.0869319 -3.30275
0.087708 -3.30935
0.0884842 -3.31505
0.0892604 -3.32015
0.0900366 -3.32475
0.0908127 -3.32895
0.0915889 -3.33295
0.0923651 -3.33675
0.0931413 -3.34055
0.0939174 -3.34415
0.0946936 -3.34785
0.0954698 -3.35145
0.096246 -3.35495
0.0970222 -3.35855
0.0977983 -3.36205
0.0985745 -3.36555
0.0993507 -3.36905
0.100127 -3.37255
0.100903 -3.37595
0.101679 -3.37935
0.102455 -3.38265
0.103232 -3.38585
0.104008 -3.38895
0.104784 -3.39185
0.10556 -3.39425
0.106336 -3.39595
0.107112 -3.39565
0.107889 -3.39125
0.108665 -3.38265
0.109441 -3.37225
0.110217 -3.36135
0.110993 -3.35045
0.11177 -3.34005
0.112546 -3.33045
0.113322 -3.32175
0.114098 -3.31445
0.114874 -3.30875
0.11565 -3.30485
0.116427 -3.30305
0.117203 -3.30355
0.117979 -3.30645
0.118755 -3.31175
0.119531 -3.31945
0.120307 -3.32935
0.121084 -3.34125
0.12186 -3.35485
0.122636 -3.36995
0.123412 -3.38635
0.124188 -3.40355
0.124965 -3.42155
0.125741 -3.43985
0.126517 -3.45775
0.127293 -3.46775
0.128069 -3.47105
0.128845 -3.47375
0.129622 -3.47635
0.130398 -3.47895
0.131174 -3.48165
0.13195 -3.48435
0.132726 -3.48705
0.133502 -3.48985
0.134279 -3.49265
0.135055 -3.49555
0.135831 -3.49835
0.136607 -3.50125
0.137383 -3.50415
0.13816 -3.50705
0.138936 -3.50995
0.139712 -3.51275
0.140488 -3.51565
0.141264 -3.51845
0.14204 -3.52125
0.142817 -3.52395
0.143593 -3.52665
0.144369 -3.52925
0.145145 -3.53185
0.145921 -3.53425
0.146697 -3.53665
0.147474 -3.53895
0.14825 -3.54105
0.149026 -3.54315
0.149802 -3.54515
0.150578 -3.54705
0.151355 -3.54865
0.152131 -3.54995
0.152907 -3.55075
0.153683 -3.55105
0.153683 -3.55105
0.154781 -3.55045
0.155878 -3.54865
0.156976 -3.54565
0.158074 -3.54155
0.159171 -3.53605
0.160269 -3.52935
0.161367 -3.52145
0.162465 -3.51215
0.163562 -3.50145
0.16466 -3.48955
0.165758 -3.47615
0.166855 -3.46145
0.167953 -3.44535
0.169051 -3.42795
0.170148 -3.40925
0.171246 -3.38925
0.172344 -3.36805
0.173441 -3.34575
0.174539 -3.32245
0.175637 -3.29825
0.176734 -3.27315
0.177832 -3.24735
0.17893 -3.22085
0.180027 -3.19395
0.181125 -3.16655
0.182223 -3.13895
0.18332 -3.11135
0.184418 -3.08415
0.185516 -3.05815
0.186614 -3.03695
0.187711 -3.02835
0.188809 -3.03125
0.189907 -3.03865
0.191004 -3.04805
0.192102 -3.05845
0.1932 -3.06955
0.194297 -3.08115
0.195395 -3.09305
0.196493 -3.10495
0.19759 -3.11685
0.198688 -3.12855
0.199786 -3.13995
0.200883 -3.15075
0.201981 -3.16105
0.203079 -3.17045
0.204176 -3.17885
0.205274 -3.18615
0.206372 -3.19215
0.207469 -3.19665
0.208567 -3.19975
0.209665 -3.20135
0.210762 -3.20155
0.21186 -3.20055
0.212958 -3.19875
0.214056 -3.19635
0.215153 -3.19385
0.216251 -3.19185
0.217349 -3.19105
0.218446 -3.19245
0.219544 -3.19695
0.220642 -3.20475
0.221739 -3.21555
0.222837 -3.22825
0.223935 -3.24225
0.225032 -3.25695
0.22613 -3.27195
0.227228 -3.28705
0.228325 -3.30215
0.229423 -3.31705
0.230521 -3.33175
0.231618 -3.34605
0.232716 -3.36015
0.233814 -3.37375
0.234911 -3.38695
0.236009 -3.39965
0.237107 -3.41195
0.238204 -3.42375
0.239302 -3.43495
0.2404 -3.44565
0.241498 -3.45585
0.242595 -3.46545
0.243693 -3.47455
0.244791 -3.48305
0.245888 -3.49105
0.246986 -3.49845
0.248084 -3.50545
0.249181 -3.51195
0.250279 -3.51805
0.251377 -3.52385
0.252474 -3.52915
0.253572 -3.53415
0.25467 -3.53865
0.255767 -3.54265
0.256865 -3.54615
0.257963 -3.54885
0.25906 -3.55105
0.260158 -3.55255
0.261256 -3.55345
0.262353 -3.55365
0.262353 -3.55365
0.263098 -3.55305
0.263842 -3.55135
0.264587 -3.54855
0.265331 -3.54485
0.266076 -3.54045
0.26682 -3.53545
0.267564 -3.52995
0.268309 -3.52405
0.269053 -3.51795
0.269798 -3.51145
0.270542 -3.50485
0.271287 -3.49805
0.272031 -3.49115
0.272775 -3.48405
0.27352 -3.47685
0.274264 -3.46955
0.275009 -3.46215
0.275753 -3.45465
0.276497 -3.44715
0.277242 -3.43945
0.277986 -3.43175
0.278731 -3.42405
0.279475 -3.41615
0.28022 -3.40825
0.280964 -3.40035
0.281708 -3.39235
0.282453 -3.38425
0.283197 -3.37615
0.283942 -3.36795
0.284686 -3.35975
0.285431 -3.35155
0.286175 -3.34325
0.286919 -3.33485
0.287664 -3.32645
0.288408 -3.31805
0.289153 -3.30955
0.289897 -3.30095
0.290642 -3.29245
0.291386 -3.28375
0.29213 -3.27515
0.292875 -3.26635
0.293619 -3.25765
0.294364 -3.24885
0.295108 -3.23995
0.295852 -3.23115
0.296597 -3.22215
0.297341 -3.21325
0.298086 -3.20415
0.29883 -3.19515
0.299575 -3.18605
0.300319 -3.17685
0.301063 -3.16765
0.301808 -3.15845
0.302552 -3.14915
0.303297 -3.13985
0.304041 -3.13045
0.304786 -3.12105
0.30553 -3.11165
0.306274 -3.10165
0.307019 -3.08495
0.307763 -3.06845
0.308508 -3.05215
0.309252 -3.06355
0.309997 -3.05395
0.310741 -3.04425
0.311485 -3.03445
0.31223 -3.02455
0.312974 -3.01465
0.313719 -3.00475
0.314463 -2.99475
0.315207 -2.98475
0.315952 -2.97475
0.316696 -2.96465
0.317441 -2.95445
0.318185 -2.94435
0.31893 -2.93405
0.319674 -2.92385
0.320418 -2.91355
0.321163 -2.90315
0.321907 -2.89275
0.322652 -2.88235
0.323396 -2.87195
0.324141 -2.86145
0.324885 -2.85085
0.325629 -2.84035
0.326374 -2.82975
0.327118 -2.81905
0.327863 -2.80845
0.328607 -2.79775
0.329351 -2.78695
0.330096 -2.77625
0.33084 -2.76545
0.331585 -2.75465
0.332329 -2.74385
0.333074 -2.73295
0.333818 -2.72215
0.334562 -2.71125
0.335307 -2.70035
0.336051 -2.68945
0.336051 -2.68945
0.336827 -2.69395
0.337604 -2.69855
0.33838 -2.70315
0.339156 -2.70795
0.339932 -2.71275
0.340708 -2.71765
0.341485 -2.72265
0.342261 -2.72775
0.343037 -2.73295
0.343813 -2.73825
0.344589 -2.74365
0.345365 -2.74915
0.346142 -2.75475
0.346918 -2.76045
0.347694 -2.76635
0.34847 -2.77235
0.349246 -2.77855
0.350022 -2.78485
0.350799 -2.79135
0.351575 -2.79795
0.352351 -2.80485
0.353127 -2.81185
0.353903 -2.81905
0.35468 -2.82645
0.355456 -2.83395
0.356232 -2.84175
0.357008 -2.84975
0.357784 -2.85795
0.35856 -2.86625
0.359337 -2.87485
0.360113 -2.88365
0.360889 -2.89255
0.361665 -2.90175
0.362441 -2.91115
0.363218 -2.92075
0.363994 -2.93045
0.36477 -2.94045
0.365546 -2.95055
0.366322 -2.96085
0.367098 -2.97135
0.367875 -2.98205
0.368651 -2.99295
0.369427 -3.00395
0.370203 -3.01515
0.370979 -3.02655
0.371755 -3.03805
0.372532 -3.04965
0.373308 -3.06145
0.374084 -3.07345
0.37486 -3.08555
0.375636 -3.09775
0.376413 -3.11005
0.377189 -3.12255
0.377965 -3.13505
0.378741 -3.14765
0.379517 -3.16035
0.380293 -3.17315
0.38107 -3.18585
0.381846 -3.19865
0.382622 -3.21205
0.383398 -3.22725
0.384174 -3.24215
0.38495 -3.25685
0.385727 -3.27085
0.386503 -3.28395
0.387279 -3.29525
0.388055 -3.30365
0.388831 -3.30765
0.389608 -3.30695
0.390384 -3.30265
0.39116 -3.29655
0.391936 -3.28945
0.392712 -3.28205
0.393488 -3.27475
0.394265 -3.26745
0.395041 -3.26055
0.395817 -3.25385
0.396593 -3.24755
0.397369 -3.24155
0.398145 -3.23585
0.398922 -3.23045
0.399698 -3.22535
0.400474 -3.22055
0.40125 -3.21605
0.402026 -3.21175
0.402803 -3.20765
0.403579 -3.20375
0.404355 -3.19995
0.405131 -3.19635
0.405907 -3.19295
0.406683 -3.18955
0.40746 -3.18635
0.408236 -3.18315
0.409012 -3.18005
0.409788 -3.17695
0.410564 -3.17395
0.41134 -3.17105
0.412117 -3.16815
0.412893 -3.16525
0.412893 -3.16525
0.413669 -3.16705
0.414445 -3.16875
0.415221 -3.17055
0.415998 -3.17235
0.416774 -3.17415
0.41755 -3.17585
0.418326 -3.17765
0.419102 -3.17945
0.419878 -3.18125
0.420655 -3.18295
0.421431 -3.18475
0.422207 -3.18655
0.422983 -3.18835
0.423759 -3.19015
0.424536 -3.19195
0.425312 -3.19385
0.426088 -3.19565
0.426864 -3.19755
0.42764 -3.19945
0.428416 -3.20135
0.429193 -3.20335
0.429969 -3.20535
0.430745 -3.20735
0.431521 -3.20945
0.432297 -3.21155
0.433073 -3.21375
0.43385 -3.21595
0.434626 -3.21825
0.435402 -3.22065
0.436178 -3.22305
0.436954 -3.22555
0.437731 -3.22815
0.438507 -3.23085
0.439283 -3.23365
0.440059 -3.23655
0.440835 -3.23965
0.441611 -3.24285
0.442388 -3.24615
0.443164 -3.24965
0.44394 -3.25325
0.444716 -3.25705
0.445492 -3.26115
0.446268 -3.26535
0.447045 -3.26975
0.447821 -3.27445
0.448597 -3.27935
0.449373 -3.28445
0.450149 -3.28985
0.450926 -3.29555
0.451702 -3.30145
0.452478 -3.30765
0.453254 -3.31415
0.45403 -3.32085
0.454806 -3.32785
0.455583 -3.33505
0.456359 -3.34235
0.457135 -3.34985
0.457911 -3.35745
0.458687 -3.36505
0.459463 -3.37275
0.46024 -3.38025
0.461016 -3.38765
0.461792 -3.39485
0.462568 -3.40175
0.463344 -3.40835
0.464121 -3.41465
0.464897 -3.42045
0.465673 -3.42585
0.466449 -3.43085
0.467225 -3.43545
0.468001 -3.43955
0.468778 -3.44335
0.469554 -3.44675
0.47033 -3.44975
0.471106 -3.45235
0.471882 -3.45475
0.472658 -3.45685
0.473435 -3.45865
0.474211 -3.46025
0.474987 -3.46165
0.475763 -3.46285
0.476539 -3.46385
0.477316 -3.46475
0.478092 -3.46545
0.478868 -3.46605
0.479644 -3.46655
0.48042 -3.46695
0.481196 -3.46715
0.481973 -3.46735
0.482749 -3.46735
0.483525 -3.46725
0.484301 -3.46705
0.485077 -3.46655
0.485854 -3.46595
0.48663 -3.46505
0.487406 -3.46395
0.488182 -3.46275
0.488958 -3.46155
0.489734 -3.46045
0.489734 -3.46045
0.490832 -3.46205
0.49193 -3.46365
0.493027 -3.46465
0.494125 -3.46465
0.495223 -3.46395
0.49632 -3.46265
0.497418 -3.46175
0.498516 -3.46135
0.499614 -3.46065
0.500711 -3.45975
0.501809 -3.45865
0.502907 -3.45745
0.504004 -3.45615
0.505102 -3.45475
0.5062 -3.45325
0.507297 -3.45175
0.508395 -3.45015
0.509493 -3.44855
0.51059 -3.44685
0.511688 -3.44495
0.512786 -3.44275
0.513883 -3.44015
0.514981 -3.43685
0.516079 -3.43255
0.517176 -3.42685
0.518274 -3.41945
0.519372 -3.41135
0.520469 -3.40705
0.521567 -3.40205
0.522665 -3.39605
0.523762 -3.38915
0.52486 -3.38095
0.525958 -3.37165
0.527056 -3.36115
0.528153 -3.34945
0.529251 -3.33675
0.530349 -3.32305
0.531446 -3.30855
0.532544 -3.29345
0.533642 -3.27775
0.534739 -3.26165
0.535837 -3.24525
0.536935 -3.22855
0.538032 -3.21185
0.53913 -3.19495
0.540228 -3.17815
0.541325 -3.16135
0.542423 -3.14465
0.543521 -3.12805
0.544618 -3.11165
0.545716 -3.09555
0.546814 -3.07965
0.547911 -3.06405
0.549009 -3.04865
0.550107 -3.03375
0.551204 -3.01915
0.552302 -3.00495
0.5534 -2.99125
0.554498 -2.97795
0.555595 -2.96525
0.556693 -2.95305
0.557791 -2.94135
0.558888 -2.93025
0.559986 -2.91975
0.561084 -2.90985
0.562181 -2.90055
0.563279 -2.89175
0.564377 -2.88345
0.565474 -2.87555
0.566572 -2.86815
0.56767 -2.86105
0.568767 -2.85435
0.569865 -2.84785
0.570963 -2.84155
0.57206 -2.83545
0.573158 -2.82955
0.574256 -2.82375
0.575353 -2.81795
0.576451 -2.81235
0.577549 -2.80665
0.578647 -2.80105
0.579744 -2.79545
0.580842 -2.78975
0.58194 -2.78405
0.583037 -2.77825
0.584135 -2.77235
0.585233 -2.76645
0.58633 -2.76035
0.587428 -2.75425
0.588526 -2.74805
0.589623 -2.74165
0.590721 -2.73525
0.591819 -2.72875
0.592916 -2.72215
0.594014 -2.71555
0.595112 -2.70895
0.596209 -2.70235
0.597307 -2.69585
0.598405 -2.68945
