# Band 27 from P4mcc-bands-soc.dat
# Original plotting-script index j = 26
# Energy column is E - E_F in eV; Fermi level is therefore at 0 eV in these files.
# Columns: k_distance  energy_minus_EF_eV
0 -10.8536
0.000776178 -10.8534
0.00155235 -10.8526
0.00232853 -10.8511
0.00310471 -10.8489
0.00388089 -10.8461
0.00465706 -10.8428
0.00543324 -10.839
0.00620942 -10.8348
0.0069856 -10.8303
0.00776177 -10.8254
0.00853795 -10.8204
0.00931413 -10.8151
0.0100903 -10.8097
0.0108665 -10.8041
0.0116427 -10.7985
0.0124188 -10.7928
0.013195 -10.7871
0.0139712 -10.7814
0.0147474 -10.7757
0.0155235 -10.77
0.0162997 -10.7644
0.0170759 -10.7588
0.0178521 -10.7533
0.0186283 -10.7479
0.0194044 -10.7426
0.0201806 -10.7373
0.0209568 -10.7322
0.021733 -10.7272
0.0225091 -10.7223
0.0232853 -10.7176
0.0240615 -10.713
0.0248377 -10.7085
0.0256138 -10.7042
0.02639 -10.7
0.0271662 -10.6959
0.0279424 -10.692
0.0287186 -10.6883
0.0294947 -10.6847
0.0302709 -10.6813
0.0310471 -10.678
0.0318233 -10.6749
0.0325994 -10.6719
0.0333756 -10.669
0.0341518 -10.6664
0.034928 -10.6639
0.0357042 -10.6615
0.0364803 -10.6593
0.0372565 -10.6572
0.0380327 -10.6553
0.0388089 -10.6535
0.039585 -10.6519
0.0403612 -10.6504
0.0411374 -10.649
0.0419136 -10.6478
0.0426897 -10.6467
0.0434659 -10.6458
0.0442421 -10.645
0.0450183 -10.6442
0.0457945 -10.6437
0.0465706 -10.6432
0.0473468 -10.6428
0.048123 -10.6426
0.0488992 -10.6424
0.0496753 -10.6423
0.0504515 -10.6424
0.0512277 -10.6425
0.0520039 -10.6427
0.0527801 -10.643
0.0535562 -10.6433
0.0543324 -10.6437
0.0551086 -10.6442
0.0558848 -10.6447
0.0566609 -10.6453
0.0574371 -10.6459
0.0582133 -10.6466
0.0589895 -10.6472
0.0597656 -10.6479
0.0605418 -10.6486
0.061318 -10.6493
0.0620942 -10.6498
0.0628704 -10.6494
0.0636465 -10.6477
0.0644227 -10.6457
0.0651989 -10.6437
0.0659751 -10.6418
0.0667512 -10.64
0.0675274 -10.6384
0.0683036 -10.6369
0.0690798 -10.6355
0.069856 -10.6342
0.0706321 -10.6331
0.0714083 -10.6321
0.0721845 -10.6313
0.0729607 -10.6305
0.0737368 -10.6299
0.074513 -10.6295
0.0752892 -10.6291
0.0760654 -10.6289
0.0768415 -10.6289
0.0768415 -10.6289
0.0776177 -10.6284
0.0783939 -10.6269
0.0791701 -10.6244
0.0799463 -10.6211
0.0807224 -10.6168
0.0814986 -10.6118
0.0822748 -10.6061
0.083051 -10.5997
0.0838271 -10.5927
0.0846033 -10.5852
0.0853795 -10.5773
0.0861557 -10.569
0.0869319 -10.5604
0.087708 -10.5516
0.0884842 -10.5425
0.0892604 -10.5333
0.0900366 -10.524
0.0908127 -10.5147
0.0915889 -10.5053
0.0923651 -10.4958
0.0931413 -10.4864
0.0939174 -10.4771
0.0946936 -10.4677
0.0954698 -10.4585
0.096246 -10.4494
0.0970222 -10.4403
0.0977983 -10.4314
0.0985745 -10.4226
0.0993507 -10.414
0.100127 -10.4055
0.100903 -10.3972
0.101679 -10.389
0.102455 -10.381
0.103232 -10.3732
0.104008 -10.3655
0.104784 -10.3581
0.10556 -10.3508
0.106336 -10.3437
0.107112 -10.3368
0.107889 -10.3301
0.108665 -10.3236
0.109441 -10.3172
0.110217 -10.3111
0.110993 -10.3051
0.11177 -10.2994
0.112546 -10.2938
0.113322 -10.2884
0.114098 -10.2832
0.114874 -10.2781
0.11565 -10.2733
0.116427 -10.2686
0.117203 -10.2641
0.117979 -10.2598
0.118755 -10.2556
0.119531 -10.2516
0.120307 -10.2478
0.121084 -10.2441
0.12186 -10.2406
0.122636 -10.2372
0.123412 -10.234
0.124188 -10.2309
0.124965 -10.228
0.125741 -10.2252
0.126517 -10.2225
0.127293 -10.22
0.128069 -10.2176
0.128845 -10.2153
0.129622 -10.2131
0.130398 -10.211
0.131174 -10.2091
0.13195 -10.2072
0.132726 -10.2055
0.133502 -10.2038
0.134279 -10.2023
0.135055 -10.2008
0.135831 -10.1994
0.136607 -10.1981
0.137383 -10.1969
0.13816 -10.1958
0.138936 -10.1947
0.139712 -10.1938
0.140488 -10.1928
0.141264 -10.192
0.14204 -10.1912
0.142817 -10.1905
0.143593 -10.1898
0.144369 -10.1892
0.145145 -10.1887
0.145921 -10.1882
0.146697 -10.1877
0.147474 -10.1873
0.14825 -10.187
0.149026 -10.1867
0.149802 -10.1865
0.150578 -10.1863
0.151355 -10.1861
0.152131 -10.186
0.152907 -10.1859
0.153683 -10.1859
0.153683 -10.1859
0.154781 -10.1859
0.155878 -10.1861
0.156976 -10.1863
0.158074 -10.1866
0.159171 -10.187
0.160269 -10.1875
0.161367 -10.1881
0.162465 -10.1888
0.163562 -10.1897
0.16466 -10.1906
0.165758 -10.1916
0.166855 -10.1928
0.167953 -10.1941
0.169051 -10.1956
0.170148 -10.1972
0.171246 -10.1989
0.172344 -10.2008
0.173441 -10.2029
0.174539 -10.2052
0.175637 -10.2077
0.176734 -10.2104
0.177832 -10.2133
0.17893 -10.2164
0.180027 -10.2198
0.181125 -10.2234
0.182223 -10.2273
0.18332 -10.2315
0.184418 -10.2359
0.185516 -10.2406
0.186614 -10.2457
0.187711 -10.251
0.188809 -10.2567
0.189907 -10.2627
0.191004 -10.2691
0.192102 -10.2758
0.1932 -10.2829
0.194297 -10.2903
0.195395 -10.2982
0.196493 -10.3064
0.19759 -10.315
0.198688 -10.324
0.199786 -10.3333
0.200883 -10.3431
0.201981 -10.3533
0.203079 -10.3639
0.204176 -10.3749
0.205274 -10.3863
0.206372 -10.3981
0.207469 -10.4103
0.208567 -10.4228
0.209665 -10.4358
0.210762 -10.4491
0.21186 -10.4628
0.212958 -10.4768
0.214056 -10.4912
0.215153 -10.5059
0.216251 -10.5209
0.217349 -10.5362
0.218446 -10.5517
0.219544 -10.5675
0.220642 -10.5835
0.221739 -10.5996
0.222837 -10.6159
0.223935 -10.6323
0.225032 -10.6486
0.22613 -10.6568
0.227228 -10.6591
0.228325 -10.6618
0.229423 -10.6649
0.230521 -10.6685
0.231618 -10.6724
0.232716 -10.6768
0.233814 -10.6816
0.234911 -10.6868
0.236009 -10.6924
0.237107 -10.6984
0.238204 -10.7047
0.239302 -10.7114
0.2404 -10.7184
0.241498 -10.7258
0.242595 -10.7334
0.243693 -10.7413
0.244791 -10.7494
0.245888 -10.7576
0.246986 -10.7661
0.248084 -10.7746
0.249181 -10.7832
0.250279 -10.7918
0.251377 -10.8003
0.252474 -10.8086
0.253572 -10.8166
0.25467 -10.8242
0.255767 -10.8314
0.256865 -10.8378
0.257963 -10.8434
0.25906 -10.8479
0.260158 -10.8513
0.261256 -10.8531
0.262353 -10.8536
0.262353 -10.8536
0.263098 -10.8536
0.263842 -10.8537
0.264587 -10.8539
0.265331 -10.8542
0.266076 -10.8545
0.26682 -10.8549
0.267564 -10.8553
0.268309 -10.8559
0.269053 -10.8565
0.269798 -10.8572
0.270542 -10.8579
0.271287 -10.8588
0.272031 -10.8597
0.272775 -10.8606
0.27352 -10.8616
0.274264 -10.8625
0.275009 -10.8635
0.275753 -10.8645
0.276497 -10.8656
0.277242 -10.8668
0.277986 -10.868
0.278731 -10.8692
0.279475 -10.8706
0.28022 -10.8719
0.280964 -10.8734
0.281708 -10.8748
0.282453 -10.8764
0.283197 -10.878
0.283942 -10.8796
0.284686 -10.8813
0.285431 -10.8831
0.286175 -10.8849
0.286919 -10.8867
0.287664 -10.8886
0.288408 -10.8906
0.289153 -10.8926
0.289897 -10.8946
0.290642 -10.8967
0.291386 -10.8989
0.29213 -10.9011
0.292875 -10.9033
0.293619 -10.9056
0.294364 -10.9079
0.295108 -10.9103
0.295852 -10.9127
0.296597 -10.9152
0.297341 -10.9177
0.298086 -10.9202
0.29883 -10.9228
0.299575 -10.9254
0.300319 -10.9281
0.301063 -10.9307
0.301808 -10.9335
0.302552 -10.9362
0.303297 -10.9391
0.304041 -10.9419
0.304786 -10.9448
0.30553 -10.9477
0.306274 -10.9506
0.307019 -10.9536
0.307763 -10.9566
0.308508 -10.9596
0.309252 -10.9626
0.309997 -10.9657
0.310741 -10.9688
0.311485 -10.972
0.31223 -10.9751
0.312974 -10.9783
0.313719 -10.9815
0.314463 -10.9848
0.315207 -10.988
0.315952 -10.9913
0.316696 -10.9946
0.317441 -10.9979
0.318185 -11.0012
0.31893 -11.0046
0.319674 -11.0079
0.320418 -11.0113
0.321163 -11.0147
0.321907 -11.0181
0.322652 -11.0215
0.323396 -11.025
0.324141 -11.0284
0.324885 -11.0318
0.325629 -11.0353
0.326374 -11.0388
0.327118 -11.0422
0.327863 -11.0457
0.328607 -11.0492
0.329351 -11.0527
0.330096 -11.0562
0.33084 -11.0597
0.331585 -11.0632
0.332329 -11.0667
0.333074 -11.0702
0.333818 -11.0737
0.334562 -11.0772
0.335307 -11.0807
0.336051 -11.0841
0.336051 -11.0841
0.336827 -11.0837
0.337604 -11.0826
0.33838 -11.0809
0.339156 -11.0783
0.339932 -11.0749
0.340708 -11.0706
0.341485 -11.0653
0.342261 -11.0593
0.343037 -11.0525
0.343813 -11.0451
0.344589 -11.0372
0.345365 -11.0289
0.346142 -11.0203
0.346918 -11.0115
0.347694 -11.0024
0.34847 -10.9933
0.349246 -10.9841
0.350022 -10.9748
0.350799 -10.9655
0.351575 -10.9562
0.352351 -10.947
0.353127 -10.9378
0.353903 -10.9286
0.35468 -10.9195
0.355456 -10.9105
0.356232 -10.9016
0.357008 -10.8929
0.357784 -10.8842
0.35856 -10.8756
0.359337 -10.8672
0.360113 -10.8589
0.360889 -10.8507
0.361665 -10.8426
0.362441 -10.8347
0.363218 -10.827
0.363994 -10.8194
0.36477 -10.8119
0.365546 -10.8046
0.366322 -10.7974
0.367098 -10.7904
0.367875 -10.7835
0.368651 -10.7768
0.369427 -10.7702
0.370203 -10.7638
0.370979 -10.7576
0.371755 -10.7515
0.372532 -10.7456
0.373308 -10.7398
0.374084 -10.7342
0.37486 -10.7287
0.375636 -10.7234
0.376413 -10.7182
0.377189 -10.7132
0.377965 -10.7084
0.378741 -10.7036
0.379517 -10.6991
0.380293 -10.6947
0.38107 -10.6904
0.381846 -10.6863
0.382622 -10.6823
0.383398 -10.6785
0.384174 -10.6748
0.38495 -10.6712
0.385727 -10.6678
0.386503 -10.6645
0.387279 -10.6613
0.388055 -10.6583
0.388831 -10.6554
0.389608 -10.6526
0.390384 -10.6499
0.39116 -10.6474
0.391936 -10.645
0.392712 -10.6427
0.393488 -10.6405
0.394265 -10.6384
0.395041 -10.6364
0.395817 -10.6346
0.396593 -10.6328
0.397369 -10.6311
0.398145 -10.6296
0.398922 -10.6281
0.399698 -10.6267
0.400474 -10.6255
0.40125 -10.6243
0.402026 -10.6232
0.402803 -10.6222
0.403579 -10.6213
0.404355 -10.6205
0.405131 -10.6197
0.405907 -10.6191
0.406683 -10.6185
0.40746 -10.618
0.408236 -10.6175
0.409012 -10.6172
0.409788 -10.6169
0.410564 -10.6167
0.41134 -10.6166
0.412117 -10.6166
0.412893 -10.6166
0.412893 -10.6166
0.413669 -10.6163
0.414445 -10.6157
0.415221 -10.6147
0.415998 -10.6134
0.416774 -10.6117
0.41755 -10.6098
0.418326 -10.6076
0.419102 -10.6051
0.419878 -10.6024
0.420655 -10.5996
0.421431 -10.5966
0.422207 -10.5934
0.422983 -10.5902
0.423759 -10.5869
0.424536 -10.5836
0.425312 -10.5802
0.426088 -10.5768
0.426864 -10.5735
0.42764 -10.5701
0.428416 -10.5669
0.429193 -10.5636
0.429969 -10.5605
0.430745 -10.5574
0.431521 -10.5545
0.432297 -10.5516
0.433073 -10.5489
0.43385 -10.5462
0.434626 -10.5437
0.435402 -10.5413
0.436178 -10.5391
0.436954 -10.5369
0.437731 -10.5349
0.438507 -10.5331
0.439283 -10.5313
0.440059 -10.5298
0.440835 -10.5283
0.441611 -10.527
0.442388 -10.5258
0.443164 -10.5247
0.44394 -10.5238
0.444716 -10.523
0.445492 -10.5224
0.446268 -10.5218
0.447045 -10.5214
0.447821 -10.5211
0.448597 -10.5209
0.449373 -10.5208
0.450149 -10.5208
0.450926 -10.5209
0.451702 -10.5212
0.452478 -10.5215
0.453254 -10.5219
0.45403 -10.5224
0.454806 -10.5229
0.455583 -10.5236
0.456359 -10.5243
0.457135 -10.5251
0.457911 -10.5259
0.458687 -10.5268
0.459463 -10.5278
0.46024 -10.5288
0.461016 -10.5298
0.461792 -10.5309
0.462568 -10.532
0.463344 -10.5332
0.464121 -10.5343
0.464897 -10.5355
0.465673 -10.5367
0.466449 -10.538
0.467225 -10.5392
0.468001 -10.5404
0.468778 -10.5416
0.469554 -10.5429
0.47033 -10.5441
0.471106 -10.5453
0.471882 -10.5464
0.472658 -10.5476
0.473435 -10.5487
0.474211 -10.5498
0.474987 -10.5509
0.475763 -10.5519
0.476539 -10.5529
0.477316 -10.5539
0.478092 -10.5548
0.478868 -10.5557
0.479644 -10.5565
0.48042 -10.5573
0.481196 -10.558
0.481973 -10.5587
0.482749 -10.5593
0.483525 -10.5598
0.484301 -10.5603
0.485077 -10.5607
0.485854 -10.5611
0.48663 -10.5614
0.487406 -10.5617
0.488182 -10.5618
0.488958 -10.562
0.489734 -10.562
0.489734 -10.562
0.490832 -10.5619
0.49193 -10.5617
0.493027 -10.5614
0.494125 -10.5609
0.495223 -10.5603
0.49632 -10.5596
0.497418 -10.5587
0.498516 -10.5577
0.499614 -10.5567
0.500711 -10.5555
0.501809 -10.5542
0.502907 -10.5528
0.504004 -10.5514
0.505102 -10.5498
0.5062 -10.5482
0.507297 -10.5465
0.508395 -10.5447
0.509493 -10.5429
0.51059 -10.5411
0.511688 -10.5392
0.512786 -10.5373
0.513883 -10.5354
0.514981 -10.5335
0.516079 -10.5316
0.517176 -10.5298
0.518274 -10.528
0.519372 -10.5263
0.520469 -10.5246
0.521567 -10.5231
0.522665 -10.5216
0.523762 -10.5203
0.52486 -10.5191
0.525958 -10.5181
0.527056 -10.5172
0.528153 -10.5165
0.529251 -10.516
0.530349 -10.5158
0.531446 -10.5157
0.532544 -10.516
0.533642 -10.5165
0.534739 -10.5173
0.535837 -10.5184
0.536935 -10.5198
0.538032 -10.5215
0.53913 -10.5236
0.540228 -10.526
0.541325 -10.5288
0.542423 -10.532
0.543521 -10.5356
0.544618 -10.5396
0.545716 -10.544
0.546814 -10.5488
0.547911 -10.5541
0.549009 -10.5597
0.550107 -10.5659
0.551204 -10.5725
0.552302 -10.5795
0.5534 -10.587
0.554498 -10.5949
0.555595 -10.6032
0.556693 -10.6121
0.557791 -10.6213
0.558888 -10.631
0.559986 -10.6412
0.561084 -10.6517
0.562181 -10.6627
0.563279 -10.6741
0.564377 -10.686
0.565474 -10.6982
0.566572 -10.7107
0.56767 -10.7237
0.568767 -10.737
0.569865 -10.7507
0.570963 -10.7647
0.57206 -10.7789
0.573158 -10.7935
0.574256 -10.8084
0.575353 -10.8235
0.576451 -10.8388
0.577549 -10.8543
0.578647 -10.87
0.579744 -10.8859
0.580842 -10.9018
0.58194 -10.9178
0.583037 -10.9339
0.584135 -10.9499
0.585233 -10.9657
0.58633 -10.9814
0.587428 -10.9968
0.588526 -11.0117
0.589623 -11.026
0.590721 -11.0395
0.591819 -11.0517
0.592916 -11.0623
0.594014 -11.0708
0.595112 -11.0771
0.596209 -11.0811
0.597307 -11.0833
0.598405 -11.0841
