# Band 10 from P4mcc-bands-soc.dat
# Original plotting-script index j = 9
# Energy column is E - E_F in eV; Fermi level is therefore at 0 eV in these files.
# Columns: k_distance  energy_minus_EF_eV
0 -32.6981
0.000776178 -32.6981
0.00155235 -32.6981
0.00232853 -32.6981
0.00310471 -32.6981
0.00388089 -32.6981
0.00465706 -32.6981
0.00543324 -32.6981
0.00620942 -32.6981
0.0069856 -32.6981
0.00776177 -32.6981
0.00853795 -32.6981
0.00931413 -32.6981
0.0100903 -32.6981
0.0108665 -32.6981
0.0116427 -32.6981
0.0124188 -32.6981
0.013195 -32.6981
0.0139712 -32.6981
0.0147474 -32.6981
0.0155235 -32.6981
0.0162997 -32.6981
0.0170759 -32.6981
0.0178521 -32.6981
0.0186283 -32.6981
0.0194044 -32.6981
0.0201806 -32.6981
0.0209568 -32.6981
0.021733 -32.6981
0.0225091 -32.6981
0.0232853 -32.6981
0.0240615 -32.6981
0.0248377 -32.6981
0.0256138 -32.6981
0.02639 -32.6981
0.0271662 -32.6981
0.0279424 -32.6981
0.0287186 -32.6981
0.0294947 -32.6981
0.0302709 -32.6982
0.0310471 -32.6982
0.0318233 -32.6982
0.0325994 -32.6982
0.0333756 -32.6982
0.0341518 -32.6982
0.034928 -32.6982
0.0357042 -32.6982
0.0364803 -32.6982
0.0372565 -32.6982
0.0380327 -32.6982
0.0388089 -32.6982
0.039585 -32.6982
0.0403612 -32.6982
0.0411374 -32.6982
0.0419136 -32.6982
0.0426897 -32.6982
0.0434659 -32.6982
0.0442421 -32.6982
0.0450183 -32.6982
0.0457945 -32.6982
0.0465706 -32.6982
0.0473468 -32.6982
0.048123 -32.6982
0.0488992 -32.6982
0.0496753 -32.6982
0.0504515 -32.6982
0.0512277 -32.6982
0.0520039 -32.6982
0.0527801 -32.6982
0.0535562 -32.6982
0.0543324 -32.6982
0.0551086 -32.6982
0.0558848 -32.6982
0.0566609 -32.6982
0.0574371 -32.6982
0.0582133 -32.6982
0.0589895 -32.6982
0.0597656 -32.6982
0.0605418 -32.6982
0.061318 -32.6982
0.0620942 -32.6982
0.0628704 -32.6982
0.0636465 -32.6982
0.0644227 -32.6982
0.0651989 -32.6982
0.0659751 -32.6982
0.0667512 -32.6982
0.0675274 -32.6982
0.0683036 -32.6982
0.0690798 -32.6982
0.069856 -32.6982
0.0706321 -32.6982
0.0714083 -32.6982
0.0721845 -32.6982
0.0729607 -32.6982
0.0737368 -32.6982
0.074513 -32.6982
0.0752892 -32.6982
0.0760654 -32.6982
0.0768415 -32.6982
0.0768415 -32.6982
0.0776177 -32.6982
0.0783939 -32.6982
0.0791701 -32.6982
0.0799463 -32.6982
0.0807224 -32.6982
0.0814986 -32.6982
0.0822748 -32.6982
0.083051 -32.6982
0.0838271 -32.6982
0.0846033 -32.6982
0.0853795 -32.6982
0.0861557 -32.6982
0.0869319 -32.6982
0.087708 -32.6982
0.0884842 -32.6982
0.0892604 -32.6982
0.0900366 -32.6982
0.0908127 -32.6982
0.0915889 -32.6982
0.0923651 -32.6982
0.0931413 -32.6982
0.0939174 -32.6982
0.0946936 -32.6982
0.0954698 -32.6982
0.096246 -32.6982
0.0970222 -32.6982
0.0977983 -32.6982
0.0985745 -32.6982
0.0993507 -32.6982
0.100127 -32.6982
0.100903 -32.6982
0.101679 -32.6982
0.102455 -32.6982
0.103232 -32.6982
0.104008 -32.6982
0.104784 -32.6982
0.10556 -32.6982
0.106336 -32.6982
0.107112 -32.6982
0.107889 -32.6982
0.108665 -32.6982
0.109441 -32.6982
0.110217 -32.6982
0.110993 -32.6982
0.11177 -32.6982
0.112546 -32.6982
0.113322 -32.6982
0.114098 -32.6982
0.114874 -32.6982
0.11565 -32.6982
0.116427 -32.6982
0.117203 -32.6982
0.117979 -32.6982
0.118755 -32.6982
0.119531 -32.6982
0.120307 -32.6982
0.121084 -32.6982
0.12186 -32.6982
0.122636 -32.6982
0.123412 -32.6982
0.124188 -32.6982
0.124965 -32.6982
0.125741 -32.6982
0.126517 -32.6982
0.127293 -32.6982
0.128069 -32.6982
0.128845 -32.6982
0.129622 -32.6982
0.130398 -32.6982
0.131174 -32.6982
0.13195 -32.6982
0.132726 -32.6982
0.133502 -32.6982
0.134279 -32.6982
0.135055 -32.6982
0.135831 -32.6982
0.136607 -32.6982
0.137383 -32.6982
0.13816 -32.6982
0.138936 -32.6982
0.139712 -32.6982
0.140488 -32.6982
0.141264 -32.6982
0.14204 -32.6982
0.142817 -32.6982
0.143593 -32.6982
0.144369 -32.6982
0.145145 -32.6982
0.145921 -32.6982
0.146697 -32.6982
0.147474 -32.6982
0.14825 -32.6982
0.149026 -32.6982
0.149802 -32.6982
0.150578 -32.6982
0.151355 -32.6982
0.152131 -32.6982
0.152907 -32.6982
0.153683 -32.6982
0.153683 -32.6982
0.154781 -32.6982
0.155878 -32.6982
0.156976 -32.6982
0.158074 -32.6982
0.159171 -32.6982
0.160269 -32.6982
0.161367 -32.6982
0.162465 -32.6982
0.163562 -32.6982
0.16466 -32.6982
0.165758 -32.6982
0.166855 -32.6982
0.167953 -32.6982
0.169051 -32.6982
0.170148 -32.6982
0.171246 -32.6982
0.172344 -32.6982
0.173441 -32.6982
0.174539 -32.6982
0.175637 -32.6982
0.176734 -32.6982
0.177832 -32.6982
0.17893 -32.6982
0.180027 -32.6982
0.181125 -32.6982
0.182223 -32.6982
0.18332 -32.6982
0.184418 -32.6982
0.185516 -32.6982
0.186614 -32.6982
0.187711 -32.6982
0.188809 -32.6982
0.189907 -32.6982
0.191004 -32.6982
0.192102 -32.6982
0.1932 -32.6982
0.194297 -32.6982
0.195395 -32.6982
0.196493 -32.6982
0.19759 -32.6982
0.198688 -32.6982
0.199786 -32.6982
0.200883 -32.6982
0.201981 -32.6982
0.203079 -32.6982
0.204176 -32.6982
0.205274 -32.6982
0.206372 -32.6982
0.207469 -32.6982
0.208567 -32.6982
0.209665 -32.6982
0.210762 -32.6982
0.21186 -32.6982
0.212958 -32.6982
0.214056 -32.6982
0.215153 -32.6982
0.216251 -32.6982
0.217349 -32.6982
0.218446 -32.6982
0.219544 -32.6982
0.220642 -32.6982
0.221739 -32.6982
0.222837 -32.6982
0.223935 -32.6982
0.225032 -32.6982
0.22613 -32.6982
0.227228 -32.6982
0.228325 -32.6982
0.229423 -32.6982
0.230521 -32.6982
0.231618 -32.6982
0.232716 -32.6982
0.233814 -32.6981
0.234911 -32.6981
0.236009 -32.6981
0.237107 -32.6981
0.238204 -32.6981
0.239302 -32.6981
0.2404 -32.6981
0.241498 -32.6981
0.242595 -32.6981
0.243693 -32.6981
0.244791 -32.6981
0.245888 -32.6981
0.246986 -32.6981
0.248084 -32.6981
0.249181 -32.6981
0.250279 -32.6981
0.251377 -32.6981
0.252474 -32.6981
0.253572 -32.6981
0.25467 -32.6981
0.255767 -32.6981
0.256865 -32.6981
0.257963 -32.6981
0.25906 -32.6981
0.260158 -32.6981
0.261256 -32.6981
0.262353 -32.6981
0.262353 -32.6981
0.263098 -32.6981
0.263842 -32.6981
0.264587 -32.6982
0.265331 -32.6982
0.266076 -32.6982
0.26682 -32.6982
0.267564 -32.6982
0.268309 -32.6983
0.269053 -32.6983
0.269798 -32.6983
0.270542 -32.6984
0.271287 -32.6984
0.272031 -32.6985
0.272775 -32.6985
0.27352 -32.6986
0.274264 -32.6987
0.275009 -32.6987
0.275753 -32.6988
0.276497 -32.6989
0.277242 -32.6989
0.277986 -32.699
0.278731 -32.6991
0.279475 -32.6992
0.28022 -32.6993
0.280964 -32.6994
0.281708 -32.6995
0.282453 -32.6996
0.283197 -32.6997
0.283942 -32.6998
0.284686 -32.6999
0.285431 -32.7
0.286175 -32.7002
0.286919 -32.7003
0.287664 -32.7004
0.288408 -32.7006
0.289153 -32.7007
0.289897 -32.7008
0.290642 -32.701
0.291386 -32.7011
0.29213 -32.7013
0.292875 -32.7014
0.293619 -32.7016
0.294364 -32.7017
0.295108 -32.7019
0.295852 -32.7024
0.296597 -32.7032
0.297341 -32.704
0.298086 -32.7047
0.29883 -32.7055
0.299575 -32.7063
0.300319 -32.7071
0.301063 -32.708
0.301808 -32.7088
0.302552 -32.7096
0.303297 -32.7105
0.304041 -32.7114
0.304786 -32.7123
0.30553 -32.7132
0.306274 -32.7141
0.307019 -32.715
0.307763 -32.7159
0.308508 -32.7168
0.309252 -32.7178
0.309997 -32.7187
0.310741 -32.7197
0.311485 -32.7207
0.31223 -32.7216
0.312974 -32.7218
0.313719 -32.7216
0.314463 -32.7213
0.315207 -32.7211
0.315952 -32.7209
0.316696 -32.7206
0.317441 -32.7204
0.318185 -32.7202
0.31893 -32.7199
0.319674 -32.7197
0.320418 -32.7195
0.321163 -32.7192
0.321907 -32.719
0.322652 -32.7187
0.323396 -32.7185
0.324141 -32.7182
0.324885 -32.718
0.325629 -32.7178
0.326374 -32.7175
0.327118 -32.7173
0.327863 -32.717
0.328607 -32.7168
0.329351 -32.7165
0.330096 -32.7163
0.33084 -32.716
0.331585 -32.7157
0.332329 -32.7155
0.333074 -32.7152
0.333818 -32.715
0.334562 -32.7147
0.335307 -32.7145
0.336051 -32.7142
0.336051 -32.7142
0.336827 -32.7142
0.337604 -32.7142
0.33838 -32.7142
0.339156 -32.7142
0.339932 -32.7142
0.340708 -32.7142
0.341485 -32.7142
0.342261 -32.7142
0.343037 -32.7142
0.343813 -32.7142
0.344589 -32.7142
0.345365 -32.7142
0.346142 -32.7142
0.346918 -32.7142
0.347694 -32.7142
0.34847 -32.7142
0.349246 -32.7142
0.350022 -32.7142
0.350799 -32.7142
0.351575 -32.7142
0.352351 -32.7142
0.353127 -32.7142
0.353903 -32.7142
0.35468 -32.7142
0.355456 -32.7142
0.356232 -32.7142
0.357008 -32.7142
0.357784 -32.7142
0.35856 -32.7142
0.359337 -32.7142
0.360113 -32.7142
0.360889 -32.7142
0.361665 -32.7142
0.362441 -32.7142
0.363218 -32.7142
0.363994 -32.7142
0.36477 -32.7142
0.365546 -32.7142
0.366322 -32.7142
0.367098 -32.7142
0.367875 -32.7142
0.368651 -32.7142
0.369427 -32.7142
0.370203 -32.7142
0.370979 -32.7142
0.371755 -32.7142
0.372532 -32.7142
0.373308 -32.7142
0.374084 -32.7142
0.37486 -32.7142
0.375636 -32.7142
0.376413 -32.7142
0.377189 -32.7142
0.377965 -32.7142
0.378741 -32.7142
0.379517 -32.7142
0.380293 -32.7143
0.38107 -32.7143
0.381846 -32.7143
0.382622 -32.7143
0.383398 -32.7143
0.384174 -32.7143
0.38495 -32.7143
0.385727 -32.7143
0.386503 -32.7143
0.387279 -32.7143
0.388055 -32.7143
0.388831 -32.7143
0.389608 -32.7143
0.390384 -32.7143
0.39116 -32.7143
0.391936 -32.7143
0.392712 -32.7143
0.393488 -32.7143
0.394265 -32.7143
0.395041 -32.7143
0.395817 -32.7143
0.396593 -32.7143
0.397369 -32.7143
0.398145 -32.7143
0.398922 -32.7143
0.399698 -32.7143
0.400474 -32.7143
0.40125 -32.7143
0.402026 -32.7143
0.402803 -32.7143
0.403579 -32.7143
0.404355 -32.7143
0.405131 -32.7143
0.405907 -32.7143
0.406683 -32.7143
0.40746 -32.7143
0.408236 -32.7143
0.409012 -32.7143
0.409788 -32.7143
0.410564 -32.7143
0.41134 -32.7143
0.412117 -32.7143
0.412893 -32.7143
0.412893 -32.7143
0.413669 -32.7143
0.414445 -32.7143
0.415221 -32.7143
0.415998 -32.7143
0.416774 -32.7143
0.41755 -32.7143
0.418326 -32.7143
0.419102 -32.7143
0.419878 -32.7143
0.420655 -32.7143
0.421431 -32.7143
0.422207 -32.7143
0.422983 -32.7143
0.423759 -32.7143
0.424536 -32.7143
0.425312 -32.7143
0.426088 -32.7143
0.426864 -32.7143
0.42764 -32.7143
0.428416 -32.7143
0.429193 -32.7143
0.429969 -32.7143
0.430745 -32.7143
0.431521 -32.7143
0.432297 -32.7143
0.433073 -32.7143
0.43385 -32.7143
0.434626 -32.7143
0.435402 -32.7143
0.436178 -32.7143
0.436954 -32.7143
0.437731 -32.7143
0.438507 -32.7143
0.439283 -32.7143
0.440059 -32.7143
0.440835 -32.7143
0.441611 -32.7143
0.442388 -32.7143
0.443164 -32.7143
0.44394 -32.7143
0.444716 -32.7143
0.445492 -32.7143
0.446268 -32.7143
0.447045 -32.7143
0.447821 -32.7143
0.448597 -32.7143
0.449373 -32.7143
0.450149 -32.7143
0.450926 -32.7143
0.451702 -32.7143
0.452478 -32.7143
0.453254 -32.7143
0.45403 -32.7143
0.454806 -32.7143
0.455583 -32.7143
0.456359 -32.7143
0.457135 -32.7143
0.457911 -32.7143
0.458687 -32.7143
0.459463 -32.7143
0.46024 -32.7143
0.461016 -32.7143
0.461792 -32.7143
0.462568 -32.7143
0.463344 -32.7143
0.464121 -32.7143
0.464897 -32.7143
0.465673 -32.7143
0.466449 -32.7143
0.467225 -32.7143
0.468001 -32.7143
0.468778 -32.7143
0.469554 -32.7143
0.47033 -32.7143
0.471106 -32.7143
0.471882 -32.7143
0.472658 -32.7143
0.473435 -32.7143
0.474211 -32.7143
0.474987 -32.7143
0.475763 -32.7143
0.476539 -32.7143
0.477316 -32.7143
0.478092 -32.7143
0.478868 -32.7143
0.479644 -32.7143
0.48042 -32.7143
0.481196 -32.7143
0.481973 -32.7143
0.482749 -32.7143
0.483525 -32.7143
0.484301 -32.7143
0.485077 -32.7143
0.485854 -32.7143
0.48663 -32.7143
0.487406 -32.7143
0.488182 -32.7143
0.488958 -32.7143
0.489734 -32.7143
0.489734 -32.7143
0.490832 -32.7143
0.49193 -32.7143
0.493027 -32.7143
0.494125 -32.7143
0.495223 -32.7143
0.49632 -32.7143
0.497418 -32.7143
0.498516 -32.7143
0.499614 -32.7143
0.500711 -32.7143
0.501809 -32.7143
0.502907 -32.7143
0.504004 -32.7143
0.505102 -32.7143
0.5062 -32.7143
0.507297 -32.7143
0.508395 -32.7143
0.509493 -32.7143
0.51059 -32.7143
0.511688 -32.7143
0.512786 -32.7143
0.513883 -32.7143
0.514981 -32.7143
0.516079 -32.7143
0.517176 -32.7143
0.518274 -32.7143
0.519372 -32.7143
0.520469 -32.7143
0.521567 -32.7143
0.522665 -32.7143
0.523762 -32.7143
0.52486 -32.7143
0.525958 -32.7143
0.527056 -32.7143
0.528153 -32.7143
0.529251 -32.7143
0.530349 -32.7143
0.531446 -32.7143
0.532544 -32.7143
0.533642 -32.7143
0.534739 -32.7143
0.535837 -32.7143
0.536935 -32.7143
0.538032 -32.7143
0.53913 -32.7143
0.540228 -32.7143
0.541325 -32.7143
0.542423 -32.7143
0.543521 -32.7143
0.544618 -32.7143
0.545716 -32.7143
0.546814 -32.7143
0.547911 -32.7143
0.549009 -32.7143
0.550107 -32.7143
0.551204 -32.7143
0.552302 -32.7143
0.5534 -32.7143
0.554498 -32.7143
0.555595 -32.7143
0.556693 -32.7143
0.557791 -32.7143
0.558888 -32.7143
0.559986 -32.7143
0.561084 -32.7142
0.562181 -32.7142
0.563279 -32.7142
0.564377 -32.7142
0.565474 -32.7142
0.566572 -32.7142
0.56767 -32.7142
0.568767 -32.7142
0.569865 -32.7142
0.570963 -32.7142
0.57206 -32.7142
0.573158 -32.7142
0.574256 -32.7142
0.575353 -32.7142
0.576451 -32.7142
0.577549 -32.7142
0.578647 -32.7142
0.579744 -32.7142
0.580842 -32.7142
0.58194 -32.7142
0.583037 -32.7142
0.584135 -32.7142
0.585233 -32.7142
0.58633 -32.7142
0.587428 -32.7142
0.588526 -32.7142
0.589623 -32.7142
0.590721 -32.7142
0.591819 -32.7142
0.592916 -32.7142
0.594014 -32.7142
0.595112 -32.7142
0.596209 -32.7142
0.597307 -32.7142
0.598405 -32.7142
