# Highlighted green band in the paper figure
# Band 71; original plotting-script index j = 70
# Energy column is E - E_F in eV; Fermi level is at 0 eV.
# Columns: k_distance  energy_minus_EF_eV
0 0.608054
0.000776178 0.607954
0.00155235 0.607654
0.00232853 0.607154
0.00310471 0.606454
0.00388089 0.605454
0.00465706 0.604354
0.00543324 0.602954
0.00620942 0.601354
0.0069856 0.599554
0.00776177 0.597454
0.00853795 0.595054
0.00931413 0.592354
0.0100903 0.589454
0.0108665 0.586154
0.0116427 0.582554
0.0124188 0.578654
0.013195 0.574354
0.0139712 0.569754
0.0147474 0.564754
0.0155235 0.559454
0.0162997 0.553654
0.0170759 0.547554
0.0178521 0.541054
0.0186283 0.534054
0.0194044 0.526754
0.0201806 0.519154
0.0209568 0.511054
0.021733 0.502654
0.0225091 0.493854
0.0232853 0.484654
0.0240615 0.475254
0.0248377 0.465554
0.0256138 0.455554
0.02639 0.445354
0.0271662 0.435054
0.0279424 0.424554
0.0287186 0.413954
0.0294947 0.403254
0.0302709 0.392654
0.0310471 0.382054
0.0318233 0.371654
0.0325994 0.361454
0.0333756 0.351454
0.0341518 0.341754
0.034928 0.332554
0.0357042 0.323754
0.0364803 0.315454
0.0372565 0.307854
0.0380327 0.300854
0.0388089 0.294654
0.039585 0.289254
0.0403612 0.284654
0.0411374 0.281054
0.0419136 0.278354
0.0426897 0.276654
0.0434659 0.275854
0.0442421 0.276254
0.0450183 0.277554
0.0457945 0.279854
0.0465706 0.283254
0.0473468 0.287654
0.048123 0.292954
0.0488992 0.299154
0.0496753 0.306354
0.0504515 0.314354
0.0512277 0.323154
0.0520039 0.332654
0.0527801 0.342854
0.0535562 0.353754
0.0543324 0.365054
0.0551086 0.376754
0.0558848 0.388654
0.0566609 0.400254
0.0574371 0.409954
0.0582133 0.414754
0.0589895 0.413654
0.0597656 0.409554
0.0605418 0.404654
0.061318 0.399454
0.0620942 0.394354
0.0628704 0.389354
0.0636465 0.384654
0.0644227 0.380254
0.0651989 0.376254
0.0659751 0.372454
0.0667512 0.369154
0.0675274 0.366154
0.0683036 0.363654
0.0690798 0.361554
0.069856 0.359754
0.0706321 0.358454
0.0714083 0.357454
0.0721845 0.356854
0.0729607 0.356554
0.0737368 0.356454
0.074513 0.356554
0.0752892 0.356654
0.0760654 0.356754
0.0768415 0.356754
0.0768415 0.356754
0.0776177 0.356054
0.0783939 0.353654
0.0791701 0.349154
0.0799463 0.341454
0.0807224 0.329754
0.0814986 0.313754
0.0822748 0.293854
0.083051 0.271054
0.0838271 0.246154
0.0846033 0.219754
0.0853795 0.192354
0.0861557 0.164154
0.0869319 0.135654
0.087708 0.106754
0.0884842 0.077754
0.0892604 0.048754
0.0900366 0.019854
0.0908127 -0.00874602
0.0915889 -0.037046
0.0923651 -0.064946
0.0931413 -0.092246
0.0939174 -0.118746
0.0946936 -0.144446
0.0954698 -0.169046
0.096246 -0.192246
0.0970222 -0.213846
0.0977983 -0.233546
0.0985745 -0.251046
0.0993507 -0.266146
0.100127 -0.278546
0.100903 -0.288346
0.101679 -0.295746
0.102455 -0.300846
0.103232 -0.304146
0.104008 -0.305746
0.104784 -0.306146
0.10556 -0.305546
0.106336 -0.304046
0.107112 -0.301946
0.107889 -0.299346
0.108665 -0.296346
0.109441 -0.292946
0.110217 -0.289246
0.110993 -0.285346
0.11177 -0.281246
0.112546 -0.277046
0.113322 -0.272646
0.114098 -0.268246
0.114874 -0.263646
0.11565 -0.259046
0.116427 -0.254346
0.117203 -0.249646
0.117979 -0.244846
0.118755 -0.240146
0.119531 -0.235346
0.120307 -0.230546
0.121084 -0.225746
0.12186 -0.220946
0.122636 -0.216146
0.123412 -0.211346
0.124188 -0.206646
0.124965 -0.201946
0.125741 -0.197246
0.126517 -0.192646
0.127293 -0.188146
0.128069 -0.183546
0.128845 -0.179146
0.129622 -0.174746
0.130398 -0.170446
0.131174 -0.166246
0.13195 -0.162046
0.132726 -0.157946
0.133502 -0.154046
0.134279 -0.150146
0.135055 -0.146346
0.135831 -0.142746
0.136607 -0.139146
0.137383 -0.135746
0.13816 -0.132446
0.138936 -0.129246
0.139712 -0.126246
0.140488 -0.123346
0.141264 -0.120546
0.14204 -0.117946
0.142817 -0.115446
0.143593 -0.113146
0.144369 -0.110946
0.145145 -0.108946
0.145921 -0.107046
0.146697 -0.105346
0.147474 -0.103846
0.14825 -0.102546
0.149026 -0.101346
0.149802 -0.100346
0.150578 -0.099546
0.151355 -0.098946
0.152131 -0.098446
0.152907 -0.098246
0.153683 -0.098146
0.153683 -0.098146
0.154781 -0.098246
0.155878 -0.098846
0.156976 -0.099746
0.158074 -0.100946
0.159171 -0.102646
0.160269 -0.104546
0.161367 -0.106746
0.162465 -0.109346
0.163562 -0.112246
0.16466 -0.115346
0.165758 -0.118746
0.166855 -0.122446
0.167953 -0.126246
0.169051 -0.130346
0.170148 -0.134546
0.171246 -0.138946
0.172344 -0.143446
0.173441 -0.147946
0.174539 -0.152646
0.175637 -0.157346
0.176734 -0.161946
0.177832 -0.166646
0.17893 -0.171146
0.180027 -0.175546
0.181125 -0.179746
0.182223 -0.183746
0.18332 -0.187346
0.184418 -0.190546
0.185516 -0.193246
0.186614 -0.195346
0.187711 -0.196746
0.188809 -0.197146
0.189907 -0.196546
0.191004 -0.194746
0.192102 -0.191546
0.1932 -0.186746
0.194297 -0.180246
0.195395 -0.171846
0.196493 -0.161546
0.19759 -0.149346
0.198688 -0.135346
0.199786 -0.119646
0.200883 -0.102546
0.201981 -0.084246
0.203079 -0.064946
0.204176 -0.044946
0.205274 -0.024546
0.206372 -0.00394602
0.207469 0.016854
0.208567 0.037454
0.209665 0.057854
0.210762 0.077954
0.21186 0.097654
0.212958 0.116854
0.214056 0.135654
0.215153 0.153954
0.216251 0.171754
0.217349 0.189154
0.218446 0.206054
0.219544 0.222654
0.220642 0.238854
0.221739 0.254854
0.222837 0.270554
0.223935 0.286154
0.225032 0.301454
0.22613 0.316754
0.227228 0.331854
0.228325 0.346754
0.229423 0.361654
0.230521 0.376454
0.231618 0.391054
0.232716 0.405454
0.233814 0.419754
0.234911 0.433754
0.236009 0.447554
0.237107 0.460954
0.238204 0.474054
0.239302 0.486754
0.2404 0.498954
0.241498 0.510554
0.242595 0.521654
0.243693 0.532054
0.244791 0.541854
0.245888 0.550854
0.246986 0.559154
0.248084 0.566754
0.249181 0.573654
0.250279 0.579754
0.251377 0.585154
0.252474 0.589954
0.253572 0.594054
0.25467 0.597554
0.255767 0.600454
0.256865 0.602854
0.257963 0.604754
0.25906 0.606254
0.260158 0.607254
0.261256 0.607854
0.262353 0.608054
0.262353 0.608054
0.263098 0.607954
0.263842 0.607854
0.264587 0.607554
0.265331 0.607254
0.266076 0.606854
0.26682 0.606354
0.267564 0.605754
0.268309 0.605054
0.269053 0.604354
0.269798 0.603554
0.270542 0.602654
0.271287 0.601754
0.272031 0.600754
0.272775 0.599754
0.27352 0.598654
0.274264 0.597554
0.275009 0.596454
0.275753 0.595354
0.276497 0.594254
0.277242 0.593254
0.277986 0.592154
0.278731 0.591154
0.279475 0.590154
0.28022 0.589154
0.280964 0.588254
0.281708 0.587454
0.282453 0.586654
0.283197 0.585954
0.283942 0.585354
0.284686 0.584854
0.285431 0.584454
0.286175 0.584154
0.286919 0.583954
0.287664 0.583854
0.288408 0.583854
0.289153 0.584054
0.289897 0.584354
0.290642 0.584754
0.291386 0.585354
0.29213 0.586054
0.292875 0.586954
0.293619 0.587954
0.294364 0.589154
0.295108 0.590354
0.295852 0.591854
0.296597 0.593454
0.297341 0.595154
0.298086 0.596954
0.29883 0.598954
0.299575 0.601054
0.300319 0.603254
0.301063 0.605654
0.301808 0.608054
0.302552 0.610554
0.303297 0.613154
0.304041 0.615754
0.304786 0.618454
0.30553 0.621154
0.306274 0.623854
0.307019 0.626454
0.307763 0.629054
0.308508 0.631554
0.309252 0.633754
0.309997 0.635854
0.310741 0.637754
0.311485 0.639254
0.31223 0.640354
0.312974 0.640954
0.313719 0.641054
0.314463 0.640454
0.315207 0.639154
0.315952 0.637054
0.316696 0.634054
0.317441 0.630054
0.318185 0.625054
0.31893 0.618954
0.319674 0.611754
0.320418 0.603554
0.321163 0.594254
0.321907 0.584054
0.322652 0.572854
0.323396 0.560754
0.324141 0.547854
0.324885 0.534254
0.325629 0.520054
0.326374 0.505254
0.327118 0.489954
0.327863 0.474154
0.328607 0.458054
0.329351 0.441654
0.330096 0.424854
0.33084 0.407954
0.331585 0.390754
0.332329 0.373354
0.333074 0.355854
0.333818 0.338254
0.334562 0.320654
0.335307 0.302854
0.336051 0.285054
0.336051 0.285054
0.336827 0.285554
0.337604 0.286054
0.33838 0.286354
0.339156 0.286654
0.339932 0.286954
0.340708 0.287054
0.341485 0.287154
0.342261 0.287154
0.343037 0.287054
0.343813 0.286854
0.344589 0.286554
0.345365 0.286154
0.346142 0.285554
0.346918 0.284954
0.347694 0.284154
0.34847 0.283154
0.349246 0.282154
0.350022 0.280854
0.350799 0.279554
0.351575 0.277954
0.352351 0.276254
0.353127 0.274354
0.353903 0.272254
0.35468 0.270054
0.355456 0.267654
0.356232 0.264954
0.357008 0.262154
0.357784 0.259054
0.35856 0.255854
0.359337 0.252454
0.360113 0.248754
0.360889 0.244954
0.361665 0.240954
0.362441 0.236754
0.363218 0.232254
0.363994 0.227654
0.36477 0.222954
0.365546 0.218454
0.366322 0.215054
0.367098 0.211454
0.367875 0.207854
0.368651 0.204054
0.369427 0.200254
0.370203 0.196354
0.370979 0.192354
0.371755 0.188254
0.372532 0.184154
0.373308 0.179954
0.374084 0.175754
0.37486 0.171454
0.375636 0.167154
0.376413 0.162854
0.377189 0.158654
0.377965 0.154354
0.378741 0.150154
0.379517 0.146054
0.380293 0.142054
0.38107 0.138154
0.381846 0.134454
0.382622 0.130854
0.383398 0.127454
0.384174 0.124254
0.38495 0.121354
0.385727 0.118754
0.386503 0.116454
0.387279 0.114554
0.388055 0.112954
0.388831 0.111754
0.389608 0.111054
0.390384 0.110854
0.39116 0.111054
0.391936 0.111754
0.392712 0.113054
0.393488 0.114854
0.394265 0.117254
0.395041 0.120254
0.395817 0.123754
0.396593 0.127954
0.397369 0.132654
0.398145 0.137854
0.398922 0.143754
0.399698 0.150154
0.400474 0.157054
0.40125 0.164454
0.402026 0.172254
0.402803 0.180554
0.403579 0.189254
0.404355 0.198254
0.405131 0.207554
0.405907 0.217054
0.406683 0.226554
0.40746 0.236154
0.408236 0.245454
0.409012 0.254354
0.409788 0.262554
0.410564 0.269354
0.41134 0.274254
0.412117 0.276454
0.412893 0.275354
0.412893 0.275354
0.413669 0.279954
0.414445 0.284754
0.415221 0.289754
0.415998 0.294754
0.416774 0.299454
0.41755 0.303654
0.418326 0.306654
0.419102 0.307654
0.419878 0.306254
0.420655 0.302954
0.421431 0.298454
0.422207 0.293054
0.422983 0.287154
0.423759 0.280954
0.424536 0.274454
0.425312 0.267854
0.426088 0.261154
0.426864 0.254354
0.42764 0.247454
0.428416 0.240554
0.429193 0.233554
0.429969 0.226554
0.430745 0.219454
0.431521 0.212354
0.432297 0.205254
0.433073 0.198054
0.43385 0.190954
0.434626 0.183654
0.435402 0.176354
0.436178 0.169054
0.436954 0.161754
0.437731 0.154354
0.438507 0.146854
0.439283 0.139354
0.440059 0.131754
0.440835 0.124154
0.441611 0.116454
0.442388 0.108754
0.443164 0.100954
0.44394 0.093054
0.444716 0.085054
0.445492 0.077054
0.446268 0.069054
0.447045 0.060854
0.447821 0.052654
0.448597 0.044454
0.449373 0.036054
0.450149 0.027754
0.450926 0.019254
0.451702 0.010854
0.452478 0.00225398
0.453254 -0.00624602
0.45403 -0.014846
0.454806 -0.023446
0.455583 -0.032146
0.456359 -0.040846
0.457135 -0.049446
0.457911 -0.058146
0.458687 -0.066846
0.459463 -0.075546
0.46024 -0.084246
0.461016 -0.092846
0.461792 -0.101446
0.462568 -0.109946
0.463344 -0.118446
0.464121 -0.126946
0.464897 -0.135346
0.465673 -0.143546
0.466449 -0.151746
0.467225 -0.159846
0.468001 -0.167846
0.468778 -0.175746
0.469554 -0.183446
0.47033 -0.191046
0.471106 -0.198446
0.471882 -0.205746
0.472658 -0.212746
0.473435 -0.219646
0.474211 -0.226346
0.474987 -0.232846
0.475763 -0.239046
0.476539 -0.245046
0.477316 -0.250846
0.478092 -0.256346
0.478868 -0.261646
0.479644 -0.266646
0.48042 -0.271246
0.481196 -0.275646
0.481973 -0.279746
0.482749 -0.283546
0.483525 -0.286946
0.484301 -0.290146
0.485077 -0.292846
0.485854 -0.295346
0.48663 -0.297446
0.487406 -0.299146
0.488182 -0.300546
0.488958 -0.301546
0.489734 -0.302246
0.489734 -0.302246
0.490832 -0.301246
0.49193 -0.299446
0.493027 -0.296946
0.494125 -0.293746
0.495223 -0.289846
0.49632 -0.285246
0.497418 -0.280046
0.498516 -0.274146
0.499614 -0.267646
0.500711 -0.260646
0.501809 -0.253046
0.502907 -0.244946
0.504004 -0.236346
0.505102 -0.227346
0.5062 -0.217946
0.507297 -0.208246
0.508395 -0.198146
0.509493 -0.187846
0.51059 -0.177346
0.511688 -0.166646
0.512786 -0.155846
0.513883 -0.144946
0.514981 -0.134146
0.516079 -0.123246
0.517176 -0.112446
0.518274 -0.101746
0.519372 -0.091146
0.520469 -0.080846
0.521567 -0.070746
0.522665 -0.060946
0.523762 -0.051546
0.52486 -0.042446
0.525958 -0.033746
0.527056 -0.025446
0.528153 -0.017646
0.529251 -0.010346
0.530349 -0.00344602
0.531446 0.00285398
0.532544 0.00875398
0.533642 0.014154
0.534739 0.019154
0.535837 0.023754
0.536935 0.028054
0.538032 0.031954
0.53913 0.035754
0.540228 0.039454
0.541325 0.043154
0.542423 0.046854
0.543521 0.050754
0.544618 0.054854
0.545716 0.059254
0.546814 0.063954
0.547911 0.069054
0.549009 0.074554
0.550107 0.080554
0.551204 0.086854
0.552302 0.093654
0.5534 0.100654
0.554498 0.108054
0.555595 0.115654
0.556693 0.123354
0.557791 0.131254
0.558888 0.139254
0.559986 0.147154
0.561084 0.155154
0.562181 0.162954
0.563279 0.170554
0.564377 0.178054
0.565474 0.185254
0.566572 0.192254
0.56767 0.199054
0.568767 0.207454
0.569865 0.215954
0.570963 0.223854
0.57206 0.231354
0.573158 0.238354
0.574256 0.244754
0.575353 0.250654
0.576451 0.255954
0.577549 0.260854
0.578647 0.265154
0.579744 0.269054
0.580842 0.272454
0.58194 0.275454
0.583037 0.278054
0.584135 0.280254
0.585233 0.282154
0.58633 0.283654
0.587428 0.284854
0.588526 0.285754
0.589623 0.286454
0.590721 0.286954
0.591819 0.287154
0.592916 0.287154
0.594014 0.287054
0.595112 0.286754
0.596209 0.286354
0.597307 0.285754
0.598405 0.285054
