# Band 18 from P4mcc-bands-soc.dat
# Original plotting-script index j = 17
# Energy column is E - E_F in eV; Fermi level is therefore at 0 eV in these files.
# Columns: k_distance  energy_minus_EF_eV
0 -11.6131
0.000776178 -11.614
0.00155235 -11.6167
0.00232853 -11.621
0.00310471 -11.627
0.00388089 -11.6343
0.00465706 -11.6429
0.00543324 -11.6525
0.00620942 -11.6631
0.0069856 -11.6745
0.00776177 -11.6866
0.00853795 -11.6993
0.00931413 -11.7125
0.0100903 -11.7261
0.0108665 -11.7402
0.0116427 -11.7546
0.0124188 -11.7693
0.013195 -11.7843
0.0139712 -11.7995
0.0147474 -11.815
0.0155235 -11.8306
0.0162997 -11.8464
0.0170759 -11.8624
0.0178521 -11.8785
0.0186283 -11.8947
0.0194044 -11.9111
0.0201806 -11.9275
0.0209568 -11.9441
0.021733 -11.9607
0.0225091 -11.9774
0.0232853 -11.9942
0.0240615 -12.0111
0.0248377 -12.028
0.0256138 -12.0449
0.02639 -12.0619
0.0271662 -12.0789
0.0279424 -12.0959
0.0287186 -12.113
0.0294947 -12.13
0.0302709 -12.1471
0.0310471 -12.1641
0.0318233 -12.1812
0.0325994 -12.1983
0.0333756 -12.2153
0.0341518 -12.2323
0.034928 -12.2493
0.0357042 -12.2662
0.0364803 -12.2831
0.0372565 -12.3
0.0380327 -12.3168
0.0388089 -12.3336
0.039585 -12.3503
0.0403612 -12.3669
0.0411374 -12.3835
0.0419136 -12.3999
0.0426897 -12.4163
0.0434659 -12.4326
0.0442421 -12.4488
0.0450183 -12.4649
0.0457945 -12.4808
0.0465706 -12.4942
0.0473468 -12.4888
0.048123 -12.4824
0.0488992 -12.4759
0.0496753 -12.4693
0.0504515 -12.4626
0.0512277 -12.4559
0.0520039 -12.449
0.0527801 -12.442
0.0535562 -12.435
0.0543324 -12.4278
0.0551086 -12.4206
0.0558848 -12.4132
0.0566609 -12.4058
0.0574371 -12.3983
0.0582133 -12.3907
0.0589895 -12.3831
0.0597656 -12.3753
0.0605418 -12.3675
0.061318 -12.3596
0.0620942 -12.3517
0.0628704 -12.3436
0.0636465 -12.3355
0.0644227 -12.3274
0.0651989 -12.3192
0.0659751 -12.3109
0.0667512 -12.3027
0.0675274 -12.2944
0.0683036 -12.2861
0.0690798 -12.2778
0.069856 -12.2696
0.0706321 -12.2615
0.0714083 -12.2536
0.0721845 -12.2459
0.0729607 -12.2385
0.0737368 -12.2318
0.074513 -12.2258
0.0752892 -12.2211
0.0760654 -12.2179
0.0768415 -12.2168
0.0768415 -12.2168
0.0776177 -12.2168
0.0783939 -12.2167
0.0791701 -12.2166
0.0799463 -12.2163
0.0807224 -12.216
0.0814986 -12.2157
0.0822748 -12.2153
0.083051 -12.2148
0.0838271 -12.2142
0.0846033 -12.2136
0.0853795 -12.213
0.0861557 -12.2122
0.0869319 -12.2114
0.087708 -12.2106
0.0884842 -12.2097
0.0892604 -12.2087
0.0900366 -12.2076
0.0908127 -12.2065
0.0915889 -12.2054
0.0923651 -12.2042
0.0931413 -12.2029
0.0939174 -12.2015
0.0946936 -12.2001
0.0954698 -12.1987
0.096246 -12.1972
0.0970222 -12.1956
0.0977983 -12.194
0.0985745 -12.1923
0.0993507 -12.1906
0.100127 -12.1888
0.100903 -12.187
0.101679 -12.1851
0.102455 -12.1832
0.103232 -12.1812
0.104008 -12.1792
0.104784 -12.1772
0.10556 -12.1751
0.106336 -12.1729
0.107112 -12.1707
0.107889 -12.1685
0.108665 -12.1662
0.109441 -12.1639
0.110217 -12.1616
0.110993 -12.1592
0.11177 -12.1568
0.112546 -12.1543
0.113322 -12.1519
0.114098 -12.1494
0.114874 -12.1469
0.11565 -12.1443
0.116427 -12.1418
0.117203 -12.1392
0.117979 -12.1366
0.118755 -12.134
0.119531 -12.1314
0.120307 -12.1287
0.121084 -12.1261
0.12186 -12.1235
0.122636 -12.1208
0.123412 -12.1228
0.124188 -12.1321
0.124965 -12.1437
0.125741 -12.1572
0.126517 -12.1721
0.127293 -12.1881
0.128069 -12.2047
0.128845 -12.2219
0.129622 -12.2393
0.130398 -12.257
0.131174 -12.2749
0.13195 -12.2928
0.132726 -12.3108
0.133502 -12.3288
0.134279 -12.3468
0.135055 -12.3648
0.135831 -12.3828
0.136607 -12.4007
0.137383 -12.4186
0.13816 -12.4364
0.138936 -12.4541
0.139712 -12.4718
0.140488 -12.4893
0.141264 -12.5068
0.14204 -12.5242
0.142817 -12.5415
0.143593 -12.5587
0.144369 -12.5758
0.145145 -12.5927
0.145921 -12.6095
0.146697 -12.6262
0.147474 -12.6427
0.14825 -12.6591
0.149026 -12.6752
0.149802 -12.691
0.150578 -12.7066
0.151355 -12.7216
0.152131 -12.7358
0.152907 -12.7483
0.153683 -12.755
0.153683 -12.755
0.154781 -12.7435
0.155878 -12.7244
0.156976 -12.7036
0.158074 -12.6821
0.159171 -12.6602
0.160269 -12.6382
0.161367 -12.616
0.162465 -12.5938
0.163562 -12.5715
0.16466 -12.5492
0.165758 -12.527
0.166855 -12.5047
0.167953 -12.4825
0.169051 -12.4604
0.170148 -12.4383
0.171246 -12.4163
0.172344 -12.3944
0.173441 -12.3726
0.174539 -12.3508
0.175637 -12.3292
0.176734 -12.3078
0.177832 -12.2864
0.17893 -12.2652
0.180027 -12.2442
0.181125 -12.2233
0.182223 -12.2044
0.18332 -12.214
0.184418 -12.2237
0.185516 -12.2335
0.186614 -12.2434
0.187711 -12.2533
0.188809 -12.2633
0.189907 -12.2733
0.191004 -12.2832
0.192102 -12.2932
0.1932 -12.3032
0.194297 -12.3131
0.195395 -12.323
0.196493 -12.3328
0.19759 -12.3425
0.198688 -12.352
0.199786 -12.3615
0.200883 -12.3706
0.201981 -12.3796
0.203079 -12.388
0.204176 -12.3959
0.205274 -12.4026
0.206372 -12.4073
0.207469 -12.4087
0.208567 -12.4054
0.209665 -12.3977
0.210762 -12.3872
0.21186 -12.3749
0.212958 -12.3617
0.214056 -12.3477
0.215153 -12.3332
0.216251 -12.3182
0.217349 -12.303
0.218446 -12.2874
0.219544 -12.2715
0.220642 -12.2553
0.221739 -12.2389
0.222837 -12.2222
0.223935 -12.2053
0.225032 -12.1882
0.22613 -12.1708
0.227228 -12.1533
0.228325 -12.1355
0.229423 -12.1176
0.230521 -12.0995
0.231618 -12.0812
0.232716 -12.0627
0.233814 -12.044
0.234911 -12.0252
0.236009 -12.0063
0.237107 -11.9872
0.238204 -11.968
0.239302 -11.9487
0.2404 -11.9294
0.241498 -11.9099
0.242595 -11.8904
0.243693 -11.8708
0.244791 -11.8513
0.245888 -11.8317
0.246986 -11.8123
0.248084 -11.7929
0.249181 -11.7737
0.250279 -11.7547
0.251377 -11.7361
0.252474 -11.7178
0.253572 -11.7001
0.25467 -11.6832
0.255767 -11.6672
0.256865 -11.6525
0.257963 -11.6395
0.25906 -11.6285
0.260158 -11.6201
0.261256 -11.6149
0.262353 -11.6131
0.262353 -11.6131
0.263098 -11.613
0.263842 -11.6129
0.264587 -11.6128
0.265331 -11.6126
0.266076 -11.6123
0.26682 -11.6119
0.267564 -11.6115
0.268309 -11.611
0.269053 -11.6105
0.269798 -11.6099
0.270542 -11.6092
0.271287 -11.6085
0.272031 -11.6077
0.272775 -11.6069
0.27352 -11.606
0.274264 -11.605
0.275009 -11.604
0.275753 -11.6029
0.276497 -11.6017
0.277242 -11.6005
0.277986 -11.5992
0.278731 -11.5979
0.279475 -11.5965
0.28022 -11.595
0.280964 -11.5935
0.281708 -11.5919
0.282453 -11.5903
0.283197 -11.5886
0.283942 -11.5868
0.284686 -11.585
0.285431 -11.5831
0.286175 -11.5812
0.286919 -11.5792
0.287664 -11.5772
0.288408 -11.5751
0.289153 -11.573
0.289897 -11.5708
0.290642 -11.5685
0.291386 -11.5662
0.29213 -11.5639
0.292875 -11.5614
0.293619 -11.559
0.294364 -11.5565
0.295108 -11.5539
0.295852 -11.5513
0.296597 -11.5486
0.297341 -11.5459
0.298086 -11.5432
0.29883 -11.5404
0.299575 -11.5375
0.300319 -11.5346
0.301063 -11.5317
0.301808 -11.5287
0.302552 -11.5257
0.303297 -11.5226
0.304041 -11.5195
0.304786 -11.5163
0.30553 -11.5131
0.306274 -11.5099
0.307019 -11.5066
0.307763 -11.5033
0.308508 -11.5
0.309252 -11.4966
0.309997 -11.4932
0.310741 -11.4897
0.311485 -11.4862
0.31223 -11.4827
0.312974 -11.4791
0.313719 -11.4755
0.314463 -11.4719
0.315207 -11.4683
0.315952 -11.4646
0.316696 -11.4609
0.317441 -11.4572
0.318185 -11.4534
0.31893 -11.4497
0.319674 -11.4459
0.320418 -11.442
0.321163 -11.4382
0.321907 -11.4343
0.322652 -11.4304
0.323396 -11.4265
0.324141 -11.4226
0.324885 -11.4187
0.325629 -11.4147
0.326374 -11.4107
0.327118 -11.4068
0.327863 -11.4028
0.328607 -11.3988
0.329351 -11.3947
0.330096 -11.3907
0.33084 -11.3867
0.331585 -11.3826
0.332329 -11.3786
0.333074 -11.3745
0.333818 -11.3705
0.334562 -11.3664
0.335307 -11.3624
0.336051 -11.3583
0.336051 -11.3583
0.336827 -11.3592
0.337604 -11.3616
0.33838 -11.3655
0.339156 -11.3707
0.339932 -11.3771
0.340708 -11.3847
0.341485 -11.3932
0.342261 -11.4025
0.343037 -11.4125
0.343813 -11.4232
0.344589 -11.4344
0.345365 -11.4461
0.346142 -11.4581
0.346918 -11.4706
0.347694 -11.4834
0.34847 -11.4964
0.349246 -11.5097
0.350022 -11.5233
0.350799 -11.537
0.351575 -11.5509
0.352351 -11.565
0.353127 -11.5793
0.353903 -11.5937
0.35468 -11.6082
0.355456 -11.6228
0.356232 -11.6375
0.357008 -11.6523
0.357784 -11.6672
0.35856 -11.6822
0.359337 -11.6972
0.360113 -11.7123
0.360889 -11.7275
0.361665 -11.7427
0.362441 -11.7579
0.363218 -11.7732
0.363994 -11.7885
0.36477 -11.8039
0.365546 -11.8193
0.366322 -11.8347
0.367098 -11.8501
0.367875 -11.8655
0.368651 -11.8809
0.369427 -11.8963
0.370203 -11.9117
0.370979 -11.9271
0.371755 -11.9425
0.372532 -11.9578
0.373308 -11.9732
0.374084 -11.9885
0.37486 -12.0038
0.375636 -12.019
0.376413 -12.0342
0.377189 -12.0494
0.377965 -12.0645
0.378741 -12.0795
0.379517 -12.0945
0.380293 -12.1095
0.38107 -12.1243
0.381846 -12.1391
0.382622 -12.1538
0.383398 -12.1684
0.384174 -12.1829
0.38495 -12.1974
0.385727 -12.2117
0.386503 -12.2259
0.387279 -12.24
0.388055 -12.254
0.388831 -12.2678
0.389608 -12.2815
0.390384 -12.2951
0.39116 -12.3085
0.391936 -12.3217
0.392712 -12.3347
0.393488 -12.3476
0.394265 -12.3602
0.395041 -12.3726
0.395817 -12.3848
0.396593 -12.3967
0.397369 -12.4084
0.398145 -12.4198
0.398922 -12.4308
0.399698 -12.4416
0.400474 -12.452
0.40125 -12.462
0.402026 -12.4715
0.402803 -12.4807
0.403579 -12.4894
0.404355 -12.4975
0.405131 -12.5051
0.405907 -12.5122
0.406683 -12.5186
0.40746 -12.5244
0.408236 -12.5294
0.409012 -12.5338
0.409788 -12.5374
0.410564 -12.5402
0.41134 -12.5422
0.412117 -12.5433
0.412893 -12.5437
0.412893 -12.5437
0.413669 -12.5436
0.414445 -12.5436
0.415221 -12.5435
0.415998 -12.5433
0.416774 -12.5432
0.41755 -12.5429
0.418326 -12.5427
0.419102 -12.5423
0.419878 -12.542
0.420655 -12.5416
0.421431 -12.5411
0.422207 -12.5406
0.422983 -12.5401
0.423759 -12.5395
0.424536 -12.5389
0.425312 -12.5383
0.426088 -12.5376
0.426864 -12.5369
0.42764 -12.5361
0.428416 -12.5353
0.429193 -12.5345
0.429969 -12.5336
0.430745 -12.5327
0.431521 -12.5317
0.432297 -12.5307
0.433073 -12.5297
0.43385 -12.5287
0.434626 -12.5276
0.435402 -12.5265
0.436178 -12.5253
0.436954 -12.5241
0.437731 -12.5229
0.438507 -12.5217
0.439283 -12.5205
0.440059 -12.5192
0.440835 -12.5179
0.441611 -12.5166
0.442388 -12.5152
0.443164 -12.5138
0.44394 -12.5125
0.444716 -12.5111
0.445492 -12.5096
0.446268 -12.5082
0.447045 -12.5068
0.447821 -12.5053
0.448597 -12.5038
0.449373 -12.5023
0.450149 -12.5009
0.450926 -12.4994
0.451702 -12.4979
0.452478 -12.4963
0.453254 -12.4948
0.45403 -12.4933
0.454806 -12.4918
0.455583 -12.4903
0.456359 -12.4888
0.457135 -12.4873
0.457911 -12.4858
0.458687 -12.4843
0.459463 -12.4828
0.46024 -12.4814
0.461016 -12.4799
0.461792 -12.4785
0.462568 -12.4771
0.463344 -12.4756
0.464121 -12.4742
0.464897 -12.4729
0.465673 -12.4715
0.466449 -12.4702
0.467225 -12.4689
0.468001 -12.4676
0.468778 -12.4663
0.469554 -12.465
0.47033 -12.4638
0.471106 -12.4626
0.471882 -12.4614
0.472658 -12.4603
0.473435 -12.4591
0.474211 -12.458
0.474987 -12.4569
0.475763 -12.4559
0.476539 -12.4548
0.477316 -12.4537
0.478092 -12.4526
0.478868 -12.4515
0.479644 -12.4504
0.48042 -12.4493
0.481196 -12.448
0.481973 -12.4467
0.482749 -12.4453
0.483525 -12.4437
0.484301 -12.442
0.485077 -12.4402
0.485854 -12.4384
0.48663 -12.4367
0.487406 -12.4352
0.488182 -12.4341
0.488958 -12.4333
0.489734 -12.4331
0.489734 -12.4331
0.490832 -12.4336
0.49193 -12.4349
0.493027 -12.4366
0.494125 -12.4382
0.495223 -12.4392
0.49632 -12.4394
0.497418 -12.4388
0.498516 -12.4377
0.499614 -12.4359
0.500711 -12.4338
0.501809 -12.4312
0.502907 -12.4282
0.504004 -12.425
0.505102 -12.4213
0.5062 -12.4174
0.507297 -12.4132
0.508395 -12.4087
0.509493 -12.4038
0.51059 -12.3987
0.511688 -12.3933
0.512786 -12.3877
0.513883 -12.3817
0.514981 -12.3755
0.516079 -12.369
0.517176 -12.3622
0.518274 -12.3551
0.519372 -12.3478
0.520469 -12.3402
0.521567 -12.3323
0.522665 -12.3241
0.523762 -12.3157
0.52486 -12.3071
0.525958 -12.2981
0.527056 -12.2889
0.528153 -12.2794
0.529251 -12.2697
0.530349 -12.2597
0.531446 -12.2495
0.532544 -12.239
0.533642 -12.2282
0.534739 -12.2172
0.535837 -12.206
0.536935 -12.1945
0.538032 -12.1828
0.53913 -12.1708
0.540228 -12.1586
0.541325 -12.1461
0.542423 -12.1334
0.543521 -12.1205
0.544618 -12.1073
0.545716 -12.094
0.546814 -12.0804
0.547911 -12.0666
0.549009 -12.0525
0.550107 -12.0383
0.551204 -12.0238
0.552302 -12.0091
0.5534 -11.9943
0.554498 -11.9792
0.555595 -11.9639
0.556693 -11.9484
0.557791 -11.9328
0.558888 -11.9169
0.559986 -11.9009
0.561084 -11.8847
0.562181 -11.8684
0.563279 -11.8518
0.564377 -11.8352
0.565474 -11.8183
0.566572 -11.8013
0.56767 -11.7842
0.568767 -11.767
0.569865 -11.7496
0.570963 -11.7321
0.57206 -11.7146
0.573158 -11.6969
0.574256 -11.6792
0.575353 -11.6614
0.576451 -11.6435
0.577549 -11.6256
0.578647 -11.6077
0.579744 -11.5898
0.580842 -11.572
0.58194 -11.5542
0.583037 -11.5365
0.584135 -11.5189
0.585233 -11.5015
0.58633 -11.4844
0.587428 -11.4676
0.588526 -11.4513
0.589623 -11.4355
0.590721 -11.4204
0.591819 -11.4062
0.592916 -11.3932
0.594014 -11.3817
0.595112 -11.3721
0.596209 -11.3647
0.597307 -11.36
0.598405 -11.3583
