# Band 96 from P4mcc-bands-soc.dat
# Original plotting-script index j = 95
# Energy column is E - E_F in eV; Fermi level is therefore at 0 eV in these files.
# Columns: k_distance  energy_minus_EF_eV
0 3.44785
0.000776178 3.44145
0.00155235 3.43765
0.00232853 3.43525
0.00310471 3.43415
0.00388089 3.43215
0.00465706 3.43975
0.00543324 3.42965
0.00620942 3.43105
0.0069856 3.43095
0.00776177 3.43895
0.00853795 3.46295
0.00931413 3.42245
0.0100903 3.42665
0.0108665 3.41045
0.0116427 3.40665
0.0124188 3.43665
0.013195 3.40795
0.0139712 3.39835
0.0147474 3.39895
0.0155235 3.40345
0.0162997 3.39235
0.0170759 3.38495
0.0178521 3.45295
0.0186283 3.38005
0.0194044 3.37505
0.0201806 3.37425
0.0209568 3.36495
0.021733 3.36415
0.0225091 3.36215
0.0232853 3.36165
0.0240615 3.35805
0.0248377 3.36925
0.0256138 3.37495
0.02639 3.41925
0.0271662 3.35265
0.0279424 3.37115
0.0287186 3.38495
0.0294947 3.35155
0.0302709 3.35285
0.0310471 3.34255
0.0318233 3.33685
0.0325994 3.35965
0.0333756 3.32905
0.0341518 3.32355
0.034928 3.34255
0.0357042 3.31425
0.0364803 3.30635
0.0372565 3.29905
0.0380327 3.30135
0.0388089 3.28495
0.039585 3.27685
0.0403612 3.27295
0.0411374 3.27035
0.0419136 3.25815
0.0426897 3.25165
0.0434659 3.24645
0.0442421 3.24135
0.0450183 3.23445
0.0457945 3.22955
0.0465706 3.22735
0.0473468 3.22155
0.048123 3.21795
0.0488992 3.21565
0.0496753 3.21335
0.0504515 3.21235
0.0512277 3.21235
0.0520039 3.21375
0.0527801 3.21535
0.0535562 3.21865
0.0543324 3.22325
0.0551086 3.22915
0.0558848 3.23635
0.0566609 3.24535
0.0574371 3.25595
0.0582133 3.26725
0.0589895 3.28045
0.0597656 3.29465
0.0605418 3.31025
0.061318 3.32685
0.0620942 3.34515
0.0628704 3.36285
0.0636465 3.38175
0.0644227 3.40105
0.0651989 3.42065
0.0659751 3.44015
0.0667512 3.45975
0.0675274 3.48005
0.0683036 3.49795
0.0690798 3.51755
0.069856 3.53365
0.0706321 3.55035
0.0714083 3.56585
0.0721845 3.57955
0.0729607 3.59175
0.0737368 3.60305
0.074513 3.61045
0.0752892 3.61625
0.0760654 3.61965
0.0768415 3.62215
0.0768415 3.62135
0.0776177 3.62205
0.0783939 3.62115
0.0791701 3.62115
0.0799463 3.62335
0.0807224 3.65765
0.0814986 3.62265
0.0822748 3.62205
0.083051 3.62385
0.0838271 3.62385
0.0846033 3.62435
0.0853795 3.62495
0.0861557 3.62575
0.0869319 3.62685
0.087708 3.62805
0.0884842 3.62925
0.0892604 3.62945
0.0900366 3.63185
0.0908127 3.63705
0.0915889 3.63625
0.0923651 3.63785
0.0931413 3.63765
0.0939174 3.66665
0.0946936 3.64185
0.0954698 3.64535
0.096246 3.64535
0.0970222 3.65045
0.0977983 3.65115
0.0985745 3.65485
0.0993507 3.66465
0.100127 3.66395
0.100903 3.67195
0.101679 3.66915
0.102455 3.70565
0.103232 3.68095
0.104008 3.86995
0.104784 3.75155
0.10556 3.75355
0.106336 3.69735
0.107112 3.71165
0.107889 3.71615
0.108665 3.72505
0.109441 3.72835
0.110217 3.73655
0.110993 3.81315
0.11177 3.76825
0.112546 3.76575
0.113322 3.76895
0.114098 3.78055
0.114874 3.78125
0.11565 3.79205
0.116427 3.82225
0.117203 3.75745
0.117979 3.74885
0.118755 3.79365
0.119531 3.85015
0.120307 3.84615
0.121084 3.76365
0.12186 3.73605
0.122636 3.79105
0.123412 3.83235
0.124188 3.90675
0.124965 3.93545
0.125741 3.88715
0.126517 3.82605
0.127293 3.83975
0.128069 3.81835
0.128845 3.83635
0.129622 3.89375
0.130398 3.92055
0.131174 4.04155
0.13195 3.87685
0.132726 3.89765
0.133502 3.92615
0.134279 4.06615
0.135055 4.05705
0.135831 3.98575
0.136607 3.98315
0.137383 3.99565
0.13816 4.04795
0.138936 4.03485
0.139712 4.04645
0.140488 4.05745
0.141264 4.12705
0.14204 4.12095
0.142817 4.13165
0.143593 4.16345
0.144369 4.27515
0.145145 4.12325
0.145921 4.16605
0.146697 4.21695
0.147474 4.17845
0.14825 4.19905
0.149026 4.22135
0.149802 4.24305
0.150578 4.17495
0.151355 4.25475
0.152131 4.17395
0.152907 4.30805
0.153683 4.23345
0.153683 4.21835
0.154781 4.23525
0.155878 4.21455
0.156976 4.21745
0.158074 4.25305
0.159171 4.23195
0.160269 4.17525
0.161367 4.22405
0.162465 4.18825
0.163562 4.23235
0.16466 4.16435
0.165758 4.15925
0.166855 4.09555
0.167953 4.18705
0.169051 4.02665
0.170148 4.02045
0.171246 4.04355
0.172344 4.08185
0.173441 3.99805
0.174539 3.97415
0.175637 3.96635
0.176734 3.94785
0.177832 3.83585
0.17893 3.87605
0.180027 3.82975
0.181125 3.81405
0.182223 3.77535
0.18332 3.74435
0.184418 3.72565
0.185516 3.70005
0.186614 3.69705
0.187711 3.67595
0.188809 3.67585
0.189907 3.68485
0.191004 3.64715
0.192102 3.55885
0.1932 3.56615
0.194297 3.56095
0.195395 3.54305
0.196493 3.57035
0.19759 3.64305
0.198688 3.55675
0.199786 3.55795
0.200883 3.47545
0.201981 3.45505
0.203079 3.44595
0.204176 3.43355
0.205274 3.43405
0.206372 3.41345
0.207469 3.39615
0.208567 3.38395
0.209665 3.37815
0.210762 3.35815
0.21186 3.34615
0.212958 3.33365
0.214056 3.31915
0.215153 3.30265
0.216251 3.28875
0.217349 3.27465
0.218446 3.26025
0.219544 3.24675
0.220642 3.23145
0.221739 3.21935
0.222837 3.20645
0.223935 3.19535
0.225032 3.18635
0.22613 3.17945
0.227228 3.17705
0.228325 3.17405
0.229423 3.17585
0.230521 3.18325
0.231618 3.18725
0.232716 3.19705
0.233814 3.20905
0.234911 3.22315
0.236009 3.23895
0.237107 3.25425
0.238204 3.26925
0.239302 3.28635
0.2404 3.30015
0.241498 3.31455
0.242595 3.32635
0.243693 3.34385
0.244791 3.35405
0.245888 3.36385
0.246986 3.37305
0.248084 3.38665
0.249181 3.39035
0.250279 3.40085
0.251377 3.40845
0.252474 3.41295
0.253572 3.42615
0.25467 3.42455
0.255767 3.42525
0.256865 3.43165
0.257963 3.43365
0.25906 3.43725
0.260158 3.43685
0.261256 3.43975
0.262353 3.44045
0.262353 3.44295
0.263098 3.47445
0.263842 3.45275
0.264587 3.43735
0.265331 3.43815
0.266076 3.43435
0.26682 3.43505
0.267564 3.44225
0.268309 3.43575
0.269053 3.43425
0.269798 3.43285
0.270542 3.43945
0.271287 3.43055
0.272031 3.43225
0.272775 3.43235
0.27352 3.42755
0.274264 3.42565
0.275009 3.42515
0.275753 3.42825
0.276497 3.43175
0.277242 3.42405
0.277986 3.42215
0.278731 3.42225
0.279475 3.42135
0.28022 3.41715
0.280964 3.41735
0.281708 3.41945
0.282453 3.41825
0.283197 3.41405
0.283942 3.41725
0.284686 3.41645
0.285431 3.42485
0.286175 3.41385
0.286919 3.42055
0.287664 3.40955
0.288408 3.42335
0.289153 3.40625
0.289897 3.40435
0.290642 3.40695
0.291386 3.40515
0.29213 3.40185
0.292875 3.40015
0.293619 3.40255
0.294364 3.39695
0.295108 3.39455
0.295852 3.39435
0.296597 3.38995
0.297341 3.38775
0.298086 3.38435
0.29883 3.38355
0.299575 3.37825
0.300319 3.37745
0.301063 3.37085
0.301808 3.36685
0.302552 3.36325
0.303297 3.36025
0.304041 3.35485
0.304786 3.34965
0.30553 3.35505
0.306274 3.33985
0.307019 3.34115
0.307763 3.32645
0.308508 3.32025
0.309252 3.31505
0.309997 3.31345
0.310741 3.29985
0.311485 3.29395
0.31223 3.28455
0.312974 3.27705
0.313719 3.26985
0.314463 3.26195
0.315207 3.25415
0.315952 3.24775
0.316696 3.24195
0.317441 3.24775
0.318185 3.24765
0.31893 3.26605
0.319674 3.29055
0.320418 3.31795
0.321163 3.34815
0.321907 3.38045
0.322652 3.41445
0.323396 3.44955
0.324141 3.47995
0.324885 3.52505
0.325629 3.53605
0.326374 3.56215
0.327118 3.58015
0.327863 3.50735
0.328607 3.53305
0.329351 3.47205
0.330096 3.46195
0.33084 3.44225
0.331585 3.42865
0.332329 3.41525
0.333074 3.40095
0.333818 3.38865
0.334562 3.37435
0.335307 3.36105
0.336051 3.34765
0.336051 3.34755
0.336827 3.34755
0.337604 3.34745
0.33838 3.34695
0.339156 3.34585
0.339932 3.34445
0.340708 3.34255
0.341485 3.34055
0.342261 3.33785
0.343037 3.33495
0.343813 3.33145
0.344589 3.32795
0.345365 3.32415
0.346142 3.31985
0.346918 3.31525
0.347694 3.31045
0.34847 3.30535
0.349246 3.30015
0.350022 3.29475
0.350799 3.28925
0.351575 3.28335
0.352351 3.27745
0.353127 3.27135
0.353903 3.26515
0.35468 3.25895
0.355456 3.25275
0.356232 3.24615
0.357008 3.23965
0.357784 3.23315
0.35856 3.22665
0.359337 3.21995
0.360113 3.21335
0.360889 3.20675
0.361665 3.20015
0.362441 3.19335
0.363218 3.18665
0.363994 3.18005
0.36477 3.17345
0.365546 3.16675
0.366322 3.16005
0.367098 3.15345
0.367875 3.14685
0.368651 3.14015
0.369427 3.13365
0.370203 3.12715
0.370979 3.12055
0.371755 3.11395
0.372532 3.10745
0.373308 3.10095
0.374084 3.09445
0.37486 3.08805
0.375636 3.08165
0.376413 3.07515
0.377189 3.06885
0.377965 3.06245
0.378741 3.05615
0.379517 3.04985
0.380293 3.04365
0.38107 3.03735
0.381846 3.03115
0.382622 3.02505
0.383398 3.01895
0.384174 3.01285
0.38495 3.00685
0.385727 3.00085
0.386503 2.99495
0.387279 2.98905
0.388055 2.98325
0.388831 2.97745
0.389608 2.97175
0.390384 2.96615
0.39116 2.96055
0.391936 2.95515
0.392712 2.94975
0.393488 2.94445
0.394265 2.93925
0.395041 2.93415
0.395817 2.92915
0.396593 2.92425
0.397369 2.91945
0.398145 2.91485
0.398922 2.91035
0.399698 2.90595
0.400474 2.90185
0.40125 2.89775
0.402026 2.89385
0.402803 2.89025
0.403579 2.88675
0.404355 2.88345
0.405131 2.88035
0.405907 2.87755
0.406683 2.87485
0.40746 2.87255
0.408236 2.87035
0.409012 2.86855
0.409788 2.86685
0.410564 2.86555
0.41134 2.86445
0.412117 2.86365
0.412893 2.86315
0.412893 2.86315
0.413669 2.86985
0.414445 2.87705
0.415221 2.88475
0.415998 2.89295
0.416774 2.90145
0.41755 2.91025
0.418326 2.91925
0.419102 2.92855
0.419878 2.93795
0.420655 2.94745
0.421431 2.95705
0.422207 2.96675
0.422983 2.97645
0.423759 2.98615
0.424536 2.99595
0.425312 3.00565
0.426088 3.01535
0.426864 3.02505
0.42764 3.03465
0.428416 3.04425
0.429193 3.05385
0.429969 3.06325
0.430745 3.07245
0.431521 3.08175
0.432297 3.09075
0.433073 3.09995
0.43385 3.10865
0.434626 3.11745
0.435402 3.12595
0.436178 3.13465
0.436954 3.14295
0.437731 3.15115
0.438507 3.15895
0.439283 3.16765
0.440059 3.17465
0.440835 3.18185
0.441611 3.18935
0.442388 3.19695
0.443164 3.20365
0.44394 3.21105
0.444716 3.21875
0.445492 3.22345
0.446268 3.22895
0.447045 3.23585
0.447821 3.24145
0.448597 3.24785
0.449373 3.25075
0.450149 3.25615
0.450926 3.26135
0.451702 3.26635
0.452478 3.27125
0.453254 3.27405
0.45403 3.28015
0.454806 3.28165
0.455583 3.30575
0.456359 3.31795
0.457135 3.29205
0.457911 3.29945
0.458687 3.30615
0.459463 3.29955
0.46024 3.30355
0.461016 3.30805
0.461792 3.30865
0.462568 3.31685
0.463344 3.31095
0.464121 3.31205
0.464897 3.32795
0.465673 3.31245
0.466449 3.31745
0.467225 3.31315
0.468001 3.31585
0.468778 3.32625
0.469554 3.31425
0.47033 3.32605
0.471106 3.31785
0.471882 3.31455
0.472658 3.31775
0.473435 3.31355
0.474211 3.54675
0.474987 3.31665
0.475763 3.31655
0.476539 3.31205
0.477316 3.31125
0.478092 3.31225
0.478868 3.31405
0.479644 3.30835
0.48042 3.30825
0.481196 3.30955
0.481973 3.30795
0.482749 3.30295
0.483525 3.30445
0.484301 3.30175
0.485077 3.30175
0.485854 3.30295
0.48663 3.30175
0.487406 3.29575
0.488182 3.29415
0.488958 3.30375
0.489734 3.29265
0.489734 3.29235
0.490832 3.29265
0.49193 3.29555
0.493027 3.29925
0.494125 3.29895
0.495223 3.30115
0.49632 3.30275
0.497418 3.30625
0.498516 3.30805
0.499614 3.30725
0.500711 3.30845
0.501809 3.31045
0.502907 3.31625
0.504004 3.31395
0.505102 3.31575
0.5062 3.33435
0.507297 3.32165
0.508395 3.31865
0.509493 3.32275
0.51059 3.32745
0.511688 3.31635
0.512786 3.32065
0.513883 3.31635
0.514981 3.33645
0.516079 3.31525
0.517176 3.36775
0.518274 3.32275
0.519372 3.33825
0.520469 3.33755
0.521567 3.35045
0.522665 3.32425
0.523762 3.31705
0.52486 3.41685
0.525958 3.30895
0.527056 3.31255
0.528153 3.31145
0.529251 3.33065
0.530349 3.30685
0.531446 3.30665
0.532544 3.30025
0.533642 3.33095
0.534739 3.30135
0.535837 3.29985
0.536935 3.32085
0.538032 3.29545
0.53913 3.29625
0.540228 3.30465
0.541325 3.28975
0.542423 3.29025
0.543521 3.28915
0.544618 3.28565
0.545716 3.28715
0.546814 3.28125
0.547911 3.28195
0.549009 3.33675
0.550107 3.27655
0.551204 3.27415
0.552302 3.27205
0.5534 3.27015
0.554498 3.26865
0.555595 3.26735
0.556693 3.26565
0.557791 3.26485
0.558888 3.26175
0.559986 3.26045
0.561084 3.25955
0.562181 3.25845
0.563279 3.25745
0.564377 3.25645
0.565474 3.25625
0.566572 3.25585
0.56767 3.25585
0.568767 3.25615
0.569865 3.25675
0.570963 3.25775
0.57206 3.25925
0.573158 3.26125
0.574256 3.26335
0.575353 3.26595
0.576451 3.26905
0.577549 3.27235
0.578647 3.27645
0.579744 3.28075
0.580842 3.28565
0.58194 3.29035
0.583037 3.29565
0.584135 3.30125
0.585233 3.30675
0.58633 3.31225
0.587428 3.31785
0.588526 3.32325
0.589623 3.32815
0.590721 3.33295
0.591819 3.33695
0.592916 3.34055
0.594014 3.34345
0.595112 3.34545
0.596209 3.34685
0.597307 3.34745
0.598405 3.34745
