# Band 95 from P4mcc-bands-soc.dat
# Original plotting-script index j = 94
# Energy column is E - E_F in eV; Fermi level is therefore at 0 eV in these files.
# Columns: k_distance  energy_minus_EF_eV
0 3.43545
0.000776178 3.43535
0.00155235 3.43495
0.00232853 3.43395
0.00310471 3.43335
0.00388089 3.43155
0.00465706 3.43005
0.00543324 3.42775
0.00620942 3.42585
0.0069856 3.42365
0.00776177 3.42095
0.00853795 3.41885
0.00931413 3.41515
0.0100903 3.41385
0.0108665 3.40845
0.0116427 3.40475
0.0124188 3.40225
0.013195 3.39825
0.0139712 3.39515
0.0147474 3.39085
0.0155235 3.38715
0.0162997 3.38295
0.0170759 3.37955
0.0178521 3.37645
0.0186283 3.37455
0.0194044 3.37005
0.0201806 3.36755
0.0209568 3.36475
0.021733 3.36265
0.0225091 3.36045
0.0232853 3.35815
0.0240615 3.35655
0.0248377 3.35575
0.0256138 3.35515
0.02639 3.35365
0.0271662 3.34955
0.0279424 3.34765
0.0287186 3.35005
0.0294947 3.34355
0.0302709 3.34055
0.0310471 3.33755
0.0318233 3.33455
0.0325994 3.33045
0.0333756 3.32705
0.0341518 3.32085
0.034928 3.31465
0.0357042 3.30875
0.0364803 3.30265
0.0372565 3.29665
0.0380327 3.29015
0.0388089 3.28325
0.039585 3.27665
0.0403612 3.27025
0.0411374 3.26435
0.0419136 3.25745
0.0426897 3.25115
0.0434659 3.24555
0.0442421 3.23955
0.0450183 3.23435
0.0457945 3.22945
0.0465706 3.22515
0.0473468 3.22125
0.048123 3.21785
0.0488992 3.21525
0.0496753 3.21335
0.0504515 3.21235
0.0512277 3.21225
0.0520039 3.21315
0.0527801 3.21525
0.0535562 3.21845
0.0543324 3.22295
0.0551086 3.22885
0.0558848 3.23625
0.0566609 3.24505
0.0574371 3.25535
0.0582133 3.26715
0.0589895 3.28025
0.0597656 3.29465
0.0605418 3.31025
0.061318 3.32685
0.0620942 3.34435
0.0628704 3.36265
0.0636465 3.38145
0.0644227 3.40085
0.0651989 3.42035
0.0659751 3.44005
0.0667512 3.45965
0.0675274 3.47895
0.0683036 3.49785
0.0690798 3.51615
0.069856 3.53365
0.0706321 3.55015
0.0714083 3.56525
0.0721845 3.57905
0.0729607 3.59125
0.0737368 3.60145
0.074513 3.60965
0.0752892 3.61565
0.0760654 3.61935
0.0768415 3.62045
0.0768415 3.62055
0.0776177 3.62045
0.0783939 3.62055
0.0791701 3.62075
0.0799463 3.62115
0.0807224 3.62125
0.0814986 3.62155
0.0822748 3.62195
0.083051 3.62265
0.0838271 3.62315
0.0846033 3.62365
0.0853795 3.62465
0.0861557 3.62525
0.0869319 3.62635
0.087708 3.62715
0.0884842 3.62815
0.0892604 3.62935
0.0900366 3.63075
0.0908127 3.63195
0.0915889 3.63345
0.0923651 3.63515
0.0931413 3.63685
0.0939174 3.63875
0.0946936 3.64095
0.0954698 3.64335
0.096246 3.64525
0.0970222 3.64785
0.0977983 3.65045
0.0985745 3.65375
0.0993507 3.65655
0.100127 3.66005
0.100903 3.66315
0.101679 3.66625
0.102455 3.67115
0.103232 3.67415
0.104008 3.67875
0.104784 3.68465
0.10556 3.68975
0.106336 3.69235
0.107112 3.69975
0.107889 3.70215
0.108665 3.71465
0.109441 3.71515
0.110217 3.72135
0.110993 3.72175
0.11177 3.72885
0.112546 3.73295
0.113322 3.73145
0.114098 3.73725
0.114874 3.73145
0.11565 3.72825
0.116427 3.73585
0.117203 3.72225
0.117979 3.72085
0.118755 3.72725
0.119531 3.72235
0.120307 3.70315
0.121084 3.73605
0.12186 3.71315
0.122636 3.72065
0.123412 3.73195
0.124188 3.76185
0.124965 3.78215
0.125741 3.76225
0.126517 3.77395
0.127293 3.78285
0.128069 3.80175
0.128845 3.81035
0.129622 3.82525
0.130398 3.84585
0.131174 3.85115
0.13195 3.86745
0.132726 3.88535
0.133502 3.90095
0.134279 3.92715
0.135055 3.93715
0.135831 3.94595
0.136607 3.96225
0.137383 3.98785
0.13816 3.99705
0.138936 4.01295
0.139712 4.02445
0.140488 4.03945
0.141264 4.05135
0.14204 4.06545
0.142817 4.07825
0.143593 4.08155
0.144369 4.12585
0.145145 4.10435
0.145921 4.10385
0.146697 4.14855
0.147474 4.16255
0.14825 4.13835
0.149026 4.14675
0.149802 4.14965
0.150578 4.14915
0.151355 4.15605
0.152131 4.14965
0.152907 4.15225
0.153683 4.15905
0.153683 4.14665
0.154781 4.15475
0.155878 4.14655
0.156976 4.13535
0.158074 4.15165
0.159171 4.12545
0.160269 4.12935
0.161367 4.14005
0.162465 4.09695
0.163562 4.12945
0.16466 4.07545
0.165758 4.06275
0.166855 4.04535
0.167953 4.06735
0.169051 4.01055
0.170148 3.99245
0.171246 3.97445
0.172344 3.94815
0.173441 3.92305
0.174539 3.92725
0.175637 3.87355
0.176734 3.84215
0.177832 3.81405
0.17893 3.78665
0.180027 3.76245
0.181125 3.73885
0.182223 3.72245
0.18332 3.70505
0.184418 3.70765
0.185516 3.69805
0.186614 3.66945
0.187711 3.64705
0.188809 3.62245
0.189907 3.59465
0.191004 3.57235
0.192102 3.55075
0.1932 3.53835
0.194297 3.51935
0.195395 3.50785
0.196493 3.49845
0.19759 3.48525
0.198688 3.47775
0.199786 3.46675
0.200883 3.46125
0.201981 3.44885
0.203079 3.43845
0.204176 3.42845
0.205274 3.41665
0.206372 3.40585
0.207469 3.39425
0.208567 3.38225
0.209665 3.36985
0.210762 3.35715
0.21186 3.34395
0.212958 3.33025
0.214056 3.31625
0.215153 3.30215
0.216251 3.28775
0.217349 3.27345
0.218446 3.25965
0.219544 3.24505
0.220642 3.23115
0.221739 3.21805
0.222837 3.20605
0.223935 3.19515
0.225032 3.18595
0.22613 3.17915
0.227228 3.17555
0.228325 3.17365
0.229423 3.17525
0.230521 3.17975
0.231618 3.18705
0.232716 3.19665
0.233814 3.20845
0.234911 3.22185
0.236009 3.23655
0.237107 3.25235
0.238204 3.26765
0.239302 3.28285
0.2404 3.29765
0.241498 3.31225
0.242595 3.32595
0.243693 3.33915
0.244791 3.35075
0.245888 3.36175
0.246986 3.37205
0.248084 3.38205
0.249181 3.38955
0.250279 3.39725
0.251377 3.40435
0.252474 3.41015
0.253572 3.41585
0.25467 3.42075
0.255767 3.42425
0.256865 3.42735
0.257963 3.43025
0.25906 3.43285
0.260158 3.43415
0.261256 3.43545
0.262353 3.43535
0.262353 3.43595
0.263098 3.43505
0.263842 3.43495
0.264587 3.43605
0.265331 3.43485
0.266076 3.43395
0.26682 3.43345
0.267564 3.43285
0.268309 3.43195
0.269053 3.43125
0.269798 3.43045
0.270542 3.42965
0.271287 3.42905
0.272031 3.42785
0.272775 3.42685
0.27352 3.42575
0.274264 3.42485
0.275009 3.42385
0.275753 3.42295
0.276497 3.42155
0.277242 3.42095
0.277986 3.42025
0.278731 3.41865
0.279475 3.41775
0.28022 3.41655
0.280964 3.41595
0.281708 3.41465
0.282453 3.41375
0.283197 3.41285
0.283942 3.41185
0.284686 3.41105
0.285431 3.41095
0.286175 3.40885
0.286919 3.40885
0.287664 3.40685
0.288408 3.40585
0.289153 3.40535
0.289897 3.40355
0.290642 3.40215
0.291386 3.40095
0.29213 3.39925
0.292875 3.39765
0.293619 3.39605
0.294364 3.39415
0.295108 3.39235
0.295852 3.39015
0.296597 3.38825
0.297341 3.38545
0.298086 3.38315
0.29883 3.37965
0.299575 3.37655
0.300319 3.37335
0.301063 3.36965
0.301808 3.36605
0.302552 3.36225
0.303297 3.35755
0.304041 3.35325
0.304786 3.34795
0.30553 3.34285
0.306274 3.33775
0.307019 3.33165
0.307763 3.32595
0.308508 3.31945
0.309252 3.31295
0.309997 3.30615
0.310741 3.29925
0.311485 3.29205
0.31223 3.28445
0.312974 3.27685
0.313719 3.26935
0.314463 3.26165
0.315207 3.25395
0.315952 3.24705
0.316696 3.24155
0.317441 3.24015
0.318185 3.24745
0.31893 3.26555
0.319674 3.29025
0.320418 3.31775
0.321163 3.34695
0.321907 3.37705
0.322652 3.40815
0.323396 3.44005
0.324141 3.47185
0.324885 3.50385
0.325629 3.53165
0.326374 3.53265
0.327118 3.51455
0.327863 3.49265
0.328607 3.48375
0.329351 3.46575
0.330096 3.45835
0.33084 3.44005
0.331585 3.42705
0.332329 3.41415
0.333074 3.40055
0.333818 3.38735
0.334562 3.37405
0.335307 3.36075
0.336051 3.34725
0.336051 3.34725
0.336827 3.34745
0.337604 3.34725
0.33838 3.34685
0.339156 3.34575
0.339932 3.34425
0.340708 3.34245
0.341485 3.34035
0.342261 3.33765
0.343037 3.33475
0.343813 3.33145
0.344589 3.32785
0.345365 3.32385
0.346142 3.31965
0.346918 3.31515
0.347694 3.31035
0.34847 3.30535
0.349246 3.30005
0.350022 3.29465
0.350799 3.28905
0.351575 3.28325
0.352351 3.27735
0.353127 3.27125
0.353903 3.26515
0.35468 3.25895
0.355456 3.25255
0.356232 3.24605
0.357008 3.23965
0.357784 3.23305
0.35856 3.22655
0.359337 3.21995
0.360113 3.21325
0.360889 3.20665
0.361665 3.20005
0.362441 3.19335
0.363218 3.18665
0.363994 3.17995
0.36477 3.17335
0.365546 3.16665
0.366322 3.16005
0.367098 3.15335
0.367875 3.14675
0.368651 3.14015
0.369427 3.13355
0.370203 3.12705
0.370979 3.12045
0.371755 3.11395
0.372532 3.10735
0.373308 3.10095
0.374084 3.09445
0.37486 3.08795
0.375636 3.08155
0.376413 3.07515
0.377189 3.06875
0.377965 3.06245
0.378741 3.05615
0.379517 3.04985
0.380293 3.04355
0.38107 3.03735
0.381846 3.03115
0.382622 3.02505
0.383398 3.01885
0.384174 3.01285
0.38495 3.00675
0.385727 3.00085
0.386503 2.99485
0.387279 2.98905
0.388055 2.98315
0.388831 2.97745
0.389608 2.97175
0.390384 2.96615
0.39116 2.96055
0.391936 2.95515
0.392712 2.94975
0.393488 2.94445
0.394265 2.93925
0.395041 2.93415
0.395817 2.92915
0.396593 2.92425
0.397369 2.91945
0.398145 2.91485
0.398922 2.91035
0.399698 2.90595
0.400474 2.90175
0.40125 2.89775
0.402026 2.89385
0.402803 2.89025
0.403579 2.88675
0.404355 2.88345
0.405131 2.88035
0.405907 2.87755
0.406683 2.87485
0.40746 2.87255
0.408236 2.87035
0.409012 2.86845
0.409788 2.86685
0.410564 2.86555
0.41134 2.86445
0.412117 2.86365
0.412893 2.86315
0.412893 2.86315
0.413669 2.86985
0.414445 2.87705
0.415221 2.88475
0.415998 2.89295
0.416774 2.90145
0.41755 2.91025
0.418326 2.91925
0.419102 2.92855
0.419878 2.93795
0.420655 2.94745
0.421431 2.95705
0.422207 2.96675
0.422983 2.97645
0.423759 2.98615
0.424536 2.99595
0.425312 3.00565
0.426088 3.01535
0.426864 3.02505
0.42764 3.03465
0.428416 3.04425
0.429193 3.05365
0.429969 3.06305
0.430745 3.07235
0.431521 3.08155
0.432297 3.09075
0.433073 3.09965
0.43385 3.10855
0.434626 3.11735
0.435402 3.12585
0.436178 3.13445
0.436954 3.14275
0.437731 3.15085
0.438507 3.15885
0.439283 3.16665
0.440059 3.17425
0.440835 3.18165
0.441611 3.18905
0.442388 3.19615
0.443164 3.20285
0.44394 3.20975
0.444716 3.21615
0.445492 3.22265
0.446268 3.22835
0.447045 3.23425
0.447821 3.24015
0.448597 3.24535
0.449373 3.25025
0.450149 3.25535
0.450926 3.26005
0.451702 3.26475
0.452478 3.26865
0.453254 3.27265
0.45403 3.27695
0.454806 3.28015
0.455583 3.28425
0.456359 3.28945
0.457135 3.29045
0.457911 3.29255
0.458687 3.29765
0.459463 3.29705
0.46024 3.29945
0.461016 3.30285
0.461792 3.30275
0.462568 3.30465
0.463344 3.30595
0.464121 3.30765
0.464897 3.30965
0.465673 3.30925
0.466449 3.31055
0.467225 3.31145
0.468001 3.31175
0.468778 3.31485
0.469554 3.31235
0.47033 3.31295
0.471106 3.31235
0.471882 3.31215
0.472658 3.31215
0.473435 3.31165
0.474211 3.31215
0.474987 3.31225
0.475763 3.31085
0.476539 3.31005
0.477316 3.30945
0.478092 3.30885
0.478868 3.31025
0.479644 3.30695
0.48042 3.30605
0.481196 3.30485
0.481973 3.30445
0.482749 3.30275
0.483525 3.30145
0.484301 3.30045
0.485077 3.29905
0.485854 3.29815
0.48663 3.29635
0.487406 3.29465
0.488182 3.29315
0.488958 3.29255
0.489734 3.29025
0.489734 3.29085
0.490832 3.29215
0.49193 3.29485
0.493027 3.29645
0.494125 3.29845
0.495223 3.30025
0.49632 3.30215
0.497418 3.30395
0.498516 3.30535
0.499614 3.30645
0.500711 3.30795
0.501809 3.30885
0.502907 3.31045
0.504004 3.31225
0.505102 3.31365
0.5062 3.31225
0.507297 3.31265
0.508395 3.31315
0.509493 3.31265
0.51059 3.31345
0.511688 3.31355
0.512786 3.31255
0.513883 3.31345
0.514981 3.31455
0.516079 3.31195
0.517176 3.31525
0.518274 3.31145
0.519372 3.31425
0.520469 3.31085
0.521567 3.31635
0.522665 3.30845
0.523762 3.30665
0.52486 3.31255
0.525958 3.30605
0.527056 3.30685
0.528153 3.30345
0.529251 3.30335
0.530349 3.30265
0.531446 3.29985
0.532544 3.29895
0.533642 3.29925
0.534739 3.29645
0.535837 3.29565
0.536935 3.29715
0.538032 3.29285
0.53913 3.29215
0.540228 3.29015
0.541325 3.28855
0.542423 3.28705
0.543521 3.28625
0.544618 3.28385
0.545716 3.28255
0.546814 3.28055
0.547911 3.27885
0.549009 3.27735
0.550107 3.27495
0.551204 3.27355
0.552302 3.27135
0.5534 3.26985
0.554498 3.26825
0.555595 3.26605
0.556693 3.26435
0.557791 3.26315
0.558888 3.26135
0.559986 3.26005
0.561084 3.25885
0.562181 3.25805
0.563279 3.25695
0.564377 3.25625
0.565474 3.25585
0.566572 3.25565
0.56767 3.25565
0.568767 3.25605
0.569865 3.25665
0.570963 3.25765
0.57206 3.25915
0.573158 3.26095
0.574256 3.26315
0.575353 3.26575
0.576451 3.26875
0.577549 3.27235
0.578647 3.27625
0.579744 3.28055
0.580842 3.28525
0.58194 3.29035
0.583037 3.29555
0.584135 3.30105
0.585233 3.30665
0.58633 3.31225
0.587428 3.31775
0.588526 3.32305
0.589623 3.32805
0.590721 3.33275
0.591819 3.33685
0.592916 3.34035
0.594014 3.34325
0.595112 3.34545
0.596209 3.34685
0.597307 3.34745
0.598405 3.34735
