# Band 35 from P4mcc-bands-soc.dat
# Original plotting-script index j = 34
# Energy column is E - E_F in eV; Fermi level is therefore at 0 eV in these files.
# Columns: k_distance  energy_minus_EF_eV
0 -4.90595
0.000776178 -4.90755
0.00155235 -4.91195
0.00232853 -4.91875
0.00310471 -4.92735
0.00388089 -4.93725
0.00465706 -4.94815
0.00543324 -4.95985
0.00620942 -4.97235
0.0069856 -4.98535
0.00776177 -4.99885
0.00853795 -5.01285
0.00931413 -5.02715
0.0100903 -5.04185
0.0108665 -5.05675
0.0116427 -5.07185
0.0124188 -5.08715
0.013195 -5.10255
0.0139712 -5.11815
0.0147474 -5.13375
0.0155235 -5.14945
0.0162997 -5.16515
0.0170759 -5.18095
0.0178521 -5.19665
0.0186283 -5.21225
0.0194044 -5.22785
0.0201806 -5.24335
0.0209568 -5.25885
0.021733 -5.27415
0.0225091 -5.28935
0.0232853 -5.30435
0.0240615 -5.31925
0.0248377 -5.33395
0.0256138 -5.34855
0.02639 -5.36285
0.0271662 -5.37705
0.0279424 -5.39105
0.0287186 -5.40475
0.0294947 -5.41835
0.0302709 -5.43165
0.0310471 -5.44475
0.0318233 -5.45755
0.0325994 -5.47015
0.0333756 -5.48245
0.0341518 -5.49455
0.034928 -5.50635
0.0357042 -5.51795
0.0364803 -5.52925
0.0372565 -5.54025
0.0380327 -5.55095
0.0388089 -5.56145
0.039585 -5.57165
0.0403612 -5.58155
0.0411374 -5.59125
0.0419136 -5.60065
0.0426897 -5.60965
0.0434659 -5.61845
0.0442421 -5.62705
0.0450183 -5.63525
0.0457945 -5.64325
0.0465706 -5.65085
0.0473468 -5.65825
0.048123 -5.66525
0.0488992 -5.67205
0.0496753 -5.67845
0.0504515 -5.68445
0.0512277 -5.69005
0.0520039 -5.69525
0.0527801 -5.70005
0.0535562 -5.70415
0.0543324 -5.70765
0.0551086 -5.71045
0.0558848 -5.71225
0.0566609 -5.71315
0.0574371 -5.71315
0.0582133 -5.71215
0.0589895 -5.71045
0.0597656 -5.70805
0.0605418 -5.70525
0.061318 -5.70205
0.0620942 -5.69865
0.0628704 -5.69515
0.0636465 -5.69155
0.0644227 -5.68795
0.0651989 -5.68445
0.0659751 -5.68095
0.0667512 -5.67765
0.0675274 -5.67445
0.0683036 -5.67145
0.0690798 -5.66865
0.069856 -5.66605
0.0706321 -5.66365
0.0714083 -5.66155
0.0721845 -5.65965
0.0729607 -5.65805
0.0737368 -5.65675
0.074513 -5.65565
0.0752892 -5.65495
0.0760654 -5.65455
0.0768415 -5.65435
0.0768415 -5.65435
0.0776177 -5.65405
0.0783939 -5.65305
0.0791701 -5.65145
0.0799463 -5.64915
0.0807224 -5.64625
0.0814986 -5.64275
0.0822748 -5.63865
0.083051 -5.63385
0.0838271 -5.62855
0.0846033 -5.62275
0.0853795 -5.61625
0.0861557 -5.60935
0.0869319 -5.60185
0.087708 -5.59385
0.0884842 -5.58535
0.0892604 -5.57645
0.0900366 -5.56705
0.0908127 -5.55715
0.0915889 -5.54685
0.0923651 -5.53615
0.0931413 -5.52505
0.0939174 -5.51355
0.0946936 -5.50165
0.0954698 -5.48935
0.096246 -5.47665
0.0970222 -5.46375
0.0977983 -5.45035
0.0985745 -5.43675
0.0993507 -5.42275
0.100127 -5.40845
0.100903 -5.39385
0.101679 -5.37895
0.102455 -5.36385
0.103232 -5.34845
0.104008 -5.33275
0.104784 -5.31685
0.10556 -5.30065
0.106336 -5.28425
0.107112 -5.26775
0.107889 -5.25095
0.108665 -5.23395
0.109441 -5.21685
0.110217 -5.19955
0.110993 -5.18215
0.11177 -5.16465
0.112546 -5.14695
0.113322 -5.12925
0.114098 -5.11145
0.114874 -5.09365
0.11565 -5.07585
0.116427 -5.05825
0.117203 -5.04075
0.117979 -5.02365
0.118755 -5.00705
0.119531 -4.99165
0.120307 -4.97795
0.121084 -4.96675
0.12186 -4.95845
0.122636 -4.95235
0.123412 -4.94755
0.124188 -4.94365
0.124965 -4.94025
0.125741 -4.93715
0.126517 -4.93425
0.127293 -4.93145
0.128069 -4.92885
0.128845 -4.92635
0.129622 -4.92395
0.130398 -4.92155
0.131174 -4.91925
0.13195 -4.91705
0.132726 -4.91485
0.133502 -4.91275
0.134279 -4.91075
0.135055 -4.90875
0.135831 -4.90675
0.136607 -4.90475
0.137383 -4.90265
0.13816 -4.90035
0.138936 -4.89715
0.139712 -4.89185
0.140488 -4.88335
0.141264 -4.87345
0.14204 -4.86445
0.142817 -4.85835
0.143593 -4.85585
0.144369 -4.85635
0.145145 -4.85835
0.145921 -4.86095
0.146697 -4.86335
0.147474 -4.86545
0.14825 -4.86705
0.149026 -4.86845
0.149802 -4.86945
0.150578 -4.87025
0.151355 -4.87095
0.152131 -4.87145
0.152907 -4.87175
0.153683 -4.87195
0.153683 -4.87195
0.154781 -4.87165
0.155878 -4.87125
0.156976 -4.87115
0.158074 -4.87165
0.159171 -4.87325
0.160269 -4.87615
0.161367 -4.87975
0.162465 -4.88215
0.163562 -4.88175
0.16466 -4.87935
0.165758 -4.87585
0.166855 -4.87195
0.167953 -4.86765
0.169051 -4.86335
0.170148 -4.85885
0.171246 -4.85425
0.172344 -4.84955
0.173441 -4.84475
0.174539 -4.83975
0.175637 -4.83465
0.176734 -4.85385
0.177832 -4.88235
0.17893 -4.91105
0.180027 -4.93995
0.181125 -4.96895
0.182223 -4.99795
0.18332 -5.02705
0.184418 -5.05605
0.185516 -5.08495
0.186614 -5.11375
0.187711 -5.14235
0.188809 -5.17075
0.189907 -5.19895
0.191004 -5.22685
0.192102 -5.25445
0.1932 -5.28175
0.194297 -5.30865
0.195395 -5.33525
0.196493 -5.36135
0.19759 -5.38695
0.198688 -5.41215
0.199786 -5.43665
0.200883 -5.46065
0.201981 -5.48395
0.203079 -5.50645
0.204176 -5.52805
0.205274 -5.54835
0.206372 -5.56675
0.207469 -5.58245
0.208567 -5.59395
0.209665 -5.60065
0.210762 -5.60325
0.21186 -5.60305
0.212958 -5.60075
0.214056 -5.59705
0.215153 -5.59195
0.216251 -5.58585
0.217349 -5.57865
0.218446 -5.57055
0.219544 -5.56145
0.220642 -5.55155
0.221739 -5.54075
0.222837 -5.52915
0.223935 -5.51685
0.225032 -5.50365
0.22613 -5.48985
0.227228 -5.47535
0.228325 -5.46025
0.229423 -5.44445
0.230521 -5.42805
0.231618 -5.41105
0.232716 -5.39355
0.233814 -5.37555
0.234911 -5.35715
0.236009 -5.33825
0.237107 -5.31895
0.238204 -5.29935
0.239302 -5.27945
0.2404 -5.25915
0.241498 -5.23875
0.242595 -5.21815
0.243693 -5.19735
0.244791 -5.17645
0.245888 -5.15555
0.246986 -5.13465
0.248084 -5.11385
0.249181 -5.09325
0.250279 -5.07275
0.251377 -5.05255
0.252474 -5.03275
0.253572 -5.01345
0.25467 -4.99475
0.255767 -4.97675
0.256865 -4.95955
0.257963 -4.94365
0.25906 -4.92935
0.260158 -4.91745
0.261256 -4.90905
0.262353 -4.90595
0.262353 -4.90595
0.263098 -4.90625
0.263842 -4.90705
0.264587 -4.90845
0.265331 -4.91035
0.266076 -4.91275
0.26682 -4.91575
0.267564 -4.91915
0.268309 -4.92315
0.269053 -4.92765
0.269798 -4.93255
0.270542 -4.93795
0.271287 -4.94385
0.272031 -4.95005
0.272775 -4.95675
0.27352 -4.96395
0.274264 -4.97145
0.275009 -4.97925
0.275753 -4.98755
0.276497 -4.99615
0.277242 -5.00505
0.277986 -5.01425
0.278731 -5.02375
0.279475 -5.03355
0.28022 -5.04365
0.280964 -5.05395
0.281708 -5.06445
0.282453 -5.07525
0.283197 -5.08625
0.283942 -5.09745
0.284686 -5.10875
0.285431 -5.12025
0.286175 -5.13195
0.286919 -5.14375
0.287664 -5.15575
0.288408 -5.16775
0.289153 -5.17995
0.289897 -5.19215
0.290642 -5.20455
0.291386 -5.21695
0.29213 -5.22935
0.292875 -5.24195
0.293619 -5.25445
0.294364 -5.26705
0.295108 -5.27965
0.295852 -5.29235
0.296597 -5.30495
0.297341 -5.31755
0.298086 -5.33025
0.29883 -5.34285
0.299575 -5.35545
0.300319 -5.36805
0.301063 -5.38055
0.301808 -5.39305
0.302552 -5.40545
0.303297 -5.41785
0.304041 -5.43025
0.304786 -5.44245
0.30553 -5.45465
0.306274 -5.46685
0.307019 -5.47885
0.307763 -5.49085
0.308508 -5.50265
0.309252 -5.51445
0.309997 -5.52615
0.310741 -5.53775
0.311485 -5.54925
0.31223 -5.56055
0.312974 -5.57185
0.313719 -5.58295
0.314463 -5.59405
0.315207 -5.60495
0.315952 -5.61565
0.316696 -5.60775
0.317441 -5.60195
0.318185 -5.59865
0.31893 -5.59755
0.319674 -5.59865
0.320418 -5.60165
0.321163 -5.60645
0.321907 -5.61275
0.322652 -5.62055
0.323396 -5.62935
0.324141 -5.63925
0.324885 -5.64995
0.325629 -5.66135
0.326374 -5.67335
0.327118 -5.68595
0.327863 -5.69895
0.328607 -5.71225
0.329351 -5.72595
0.330096 -5.73985
0.33084 -5.75405
0.331585 -5.76845
0.332329 -5.78295
0.333074 -5.79755
0.333818 -5.81225
0.334562 -5.82715
0.335307 -5.84195
0.336051 -5.85045
0.336051 -5.85045
0.336827 -5.85045
0.337604 -5.85075
0.33838 -5.85095
0.339156 -5.85085
0.339932 -5.85005
0.340708 -5.84855
0.341485 -5.84655
0.342261 -5.84405
0.343037 -5.84115
0.343813 -5.83795
0.344589 -5.83445
0.345365 -5.83045
0.346142 -5.82625
0.346918 -5.82165
0.347694 -5.81675
0.34847 -5.81155
0.349246 -5.80595
0.350022 -5.80005
0.350799 -5.79395
0.351575 -5.78745
0.352351 -5.78065
0.353127 -5.77355
0.353903 -5.76625
0.35468 -5.75855
0.355456 -5.75065
0.356232 -5.74255
0.357008 -5.73405
0.357784 -5.72535
0.35856 -5.71645
0.359337 -5.70735
0.360113 -5.69795
0.360889 -5.68845
0.361665 -5.67865
0.362441 -5.66865
0.363218 -5.65855
0.363994 -5.64835
0.36477 -5.63795
0.365546 -5.62735
0.366322 -5.61675
0.367098 -5.60605
0.367875 -5.59525
0.368651 -5.58445
0.369427 -5.57365
0.370203 -5.56275
0.370979 -5.55195
0.371755 -5.54115
0.372532 -5.53045
0.373308 -5.51985
0.374084 -5.50945
0.37486 -5.49915
0.375636 -5.48905
0.376413 -5.47925
0.377189 -5.46965
0.377965 -5.46035
0.378741 -5.45135
0.379517 -5.44275
0.380293 -5.43445
0.38107 -5.42665
0.381846 -5.41925
0.382622 -5.41225
0.383398 -5.40575
0.384174 -5.39975
0.38495 -5.39425
0.385727 -5.38925
0.386503 -5.38475
0.387279 -5.38065
0.388055 -5.37715
0.388831 -5.37405
0.389608 -5.37145
0.390384 -5.36925
0.39116 -5.36745
0.391936 -5.36605
0.392712 -5.36495
0.393488 -5.36425
0.394265 -5.36375
0.395041 -5.36365
0.395817 -5.36365
0.396593 -5.36395
0.397369 -5.36445
0.398145 -5.36505
0.398922 -5.36585
0.399698 -5.36675
0.400474 -5.36765
0.40125 -5.36875
0.402026 -5.36975
0.402803 -5.37085
0.403579 -5.37195
0.404355 -5.37305
0.405131 -5.37415
0.405907 -5.37525
0.406683 -5.37625
0.40746 -5.37725
0.408236 -5.37815
0.409012 -5.37895
0.409788 -5.37975
0.410564 -5.38045
0.41134 -5.38105
0.412117 -5.38155
0.412893 -5.38205
0.412893 -5.38205
0.413669 -5.38185
0.414445 -5.38135
0.415221 -5.38035
0.415998 -5.37915
0.416774 -5.37755
0.41755 -5.37555
0.418326 -5.37315
0.419102 -5.37045
0.419878 -5.36745
0.420655 -5.36405
0.421431 -5.36035
0.422207 -5.35625
0.422983 -5.35185
0.423759 -5.34715
0.424536 -5.34215
0.425312 -5.33675
0.426088 -5.33095
0.426864 -5.32495
0.42764 -5.31865
0.428416 -5.31195
0.429193 -5.30505
0.429969 -5.29785
0.430745 -5.29025
0.431521 -5.28245
0.432297 -5.27445
0.433073 -5.26615
0.43385 -5.25755
0.434626 -5.24875
0.435402 -5.23965
0.436178 -5.23035
0.436954 -5.22085
0.437731 -5.21115
0.438507 -5.20115
0.439283 -5.19105
0.440059 -5.18075
0.440835 -5.17025
0.441611 -5.15955
0.442388 -5.14875
0.443164 -5.13775
0.44394 -5.12665
0.444716 -5.11535
0.445492 -5.10405
0.446268 -5.09255
0.447045 -5.08095
0.447821 -5.06925
0.448597 -5.05745
0.449373 -5.04565
0.450149 -5.03375
0.450926 -5.02175
0.451702 -5.00975
0.452478 -4.99765
0.453254 -4.98565
0.45403 -4.97355
0.454806 -4.96145
0.455583 -4.94935
0.456359 -4.93735
0.457135 -4.92535
0.457911 -4.91335
0.458687 -4.90135
0.459463 -4.88955
0.46024 -4.87775
0.461016 -4.86595
0.461792 -4.85435
0.462568 -4.84285
0.463344 -4.83145
0.464121 -4.82015
0.464897 -4.80905
0.465673 -4.79805
0.466449 -4.78725
0.467225 -4.77655
0.468001 -4.76615
0.468778 -4.75595
0.469554 -4.74585
0.47033 -4.73605
0.471106 -4.72655
0.471882 -4.71725
0.472658 -4.70825
0.473435 -4.69945
0.474211 -4.69105
0.474987 -4.68295
0.475763 -4.67515
0.476539 -4.66775
0.477316 -4.66075
0.478092 -4.65415
0.478868 -4.64785
0.479644 -4.64205
0.48042 -4.63675
0.481196 -4.63175
0.481973 -4.62585
0.482749 -4.62025
0.483525 -4.61495
0.484301 -4.60995
0.485077 -4.60515
0.485854 -4.60045
0.48663 -4.59595
0.487406 -4.59125
0.488182 -4.58635
0.488958 -4.58085
0.489734 -4.57455
0.489734 -4.57455
0.490832 -4.58325
0.49193 -4.59005
0.493027 -4.59665
0.494125 -4.60385
0.495223 -4.61205
0.49632 -4.62155
0.497418 -4.63215
0.498516 -4.64395
0.499614 -4.65675
0.500711 -4.67045
0.501809 -4.68505
0.502907 -4.70025
0.504004 -4.71615
0.505102 -4.73255
0.5062 -4.74945
0.507297 -4.76675
0.508395 -4.78445
0.509493 -4.80235
0.51059 -4.82055
0.511688 -4.83905
0.512786 -4.85765
0.513883 -4.87645
0.514981 -4.89535
0.516079 -4.91435
0.517176 -4.93355
0.518274 -4.95265
0.519372 -4.97195
0.520469 -4.99115
0.521567 -5.01045
0.522665 -5.02965
0.523762 -5.04885
0.52486 -5.06815
0.525958 -5.08725
0.527056 -5.10635
0.528153 -5.12535
0.529251 -5.14435
0.530349 -5.16325
0.531446 -5.18195
0.532544 -5.20065
0.533642 -5.21915
0.534739 -5.23755
0.535837 -5.25585
0.536935 -5.27395
0.538032 -5.29195
0.53913 -5.30985
0.540228 -5.32745
0.541325 -5.34495
0.542423 -5.36225
0.543521 -5.37935
0.544618 -5.39625
0.545716 -5.41305
0.546814 -5.42955
0.547911 -5.44575
0.549009 -5.46185
0.550107 -5.47765
0.551204 -5.49325
0.552302 -5.50865
0.5534 -5.52375
0.554498 -5.53855
0.555595 -5.55315
0.556693 -5.56745
0.557791 -5.58145
0.558888 -5.59525
0.559986 -5.60865
0.561084 -5.62185
0.562181 -5.63465
0.563279 -5.64725
0.564377 -5.65945
0.565474 -5.67135
0.566572 -5.68295
0.56767 -5.69425
0.568767 -5.70515
0.569865 -5.71575
0.570963 -5.72595
0.57206 -5.73585
0.573158 -5.74535
0.574256 -5.75445
0.575353 -5.76325
0.576451 -5.77165
0.577549 -5.77965
0.578647 -5.78735
0.579744 -5.79455
0.580842 -5.80145
0.58194 -5.80795
0.583037 -5.81395
0.584135 -5.81965
0.585233 -5.82495
0.58633 -5.82975
0.587428 -5.83415
0.588526 -5.83815
0.589623 -5.84175
0.590721 -5.84485
0.591819 -5.84755
0.592916 -5.84965
0.594014 -5.85095
0.595112 -5.85135
0.596209 -5.85095
0.597307 -5.85055
0.598405 -5.85045
