# Band 23 from P4mcc-bands-soc.dat
# Original plotting-script index j = 22
# Energy column is E - E_F in eV; Fermi level is therefore at 0 eV in these files.
# Columns: k_distance  energy_minus_EF_eV
0 -11.1059
0.000776178 -11.1064
0.00155235 -11.1076
0.00232853 -11.1097
0.00310471 -11.1126
0.00388089 -11.1162
0.00465706 -11.1205
0.00543324 -11.1254
0.00620942 -11.1309
0.0069856 -11.1368
0.00776177 -11.1431
0.00853795 -11.1498
0.00931413 -11.1566
0.0100903 -11.1636
0.0108665 -11.1706
0.0116427 -11.1771
0.0124188 -11.1822
0.013195 -11.1826
0.0139712 -11.1767
0.0147474 -11.168
0.0155235 -11.1584
0.0162997 -11.1486
0.0170759 -11.1386
0.0178521 -11.1286
0.0186283 -11.1186
0.0194044 -11.1087
0.0201806 -11.0989
0.0209568 -11.0893
0.021733 -11.0797
0.0225091 -11.0704
0.0232853 -11.0611
0.0240615 -11.0521
0.0248377 -11.0432
0.0256138 -11.0346
0.02639 -11.0261
0.0271662 -11.0179
0.0279424 -11.0099
0.0287186 -11.0021
0.0294947 -10.9946
0.0302709 -10.9873
0.0310471 -10.9802
0.0318233 -10.9734
0.0325994 -10.9669
0.0333756 -10.9606
0.0341518 -10.9545
0.034928 -10.9487
0.0357042 -10.9431
0.0364803 -10.9378
0.0372565 -10.9328
0.0380327 -10.9279
0.0388089 -10.9233
0.039585 -10.9189
0.0403612 -10.9148
0.0411374 -10.9108
0.0419136 -10.907
0.0426897 -10.9034
0.0434659 -10.9
0.0442421 -10.8967
0.0450183 -10.8936
0.0457945 -10.8907
0.0465706 -10.8879
0.0473468 -10.8852
0.048123 -10.8826
0.0488992 -10.8802
0.0496753 -10.8779
0.0504515 -10.8756
0.0512277 -10.8735
0.0520039 -10.8715
0.0527801 -10.8696
0.0535562 -10.8677
0.0543324 -10.866
0.0551086 -10.8643
0.0558848 -10.8627
0.0566609 -10.8611
0.0574371 -10.8597
0.0582133 -10.8583
0.0589895 -10.8569
0.0597656 -10.8557
0.0605418 -10.8545
0.061318 -10.8534
0.0620942 -10.8523
0.0628704 -10.8513
0.0636465 -10.8503
0.0644227 -10.8494
0.0651989 -10.8486
0.0659751 -10.8478
0.0667512 -10.8471
0.0675274 -10.8464
0.0683036 -10.8458
0.0690798 -10.8452
0.069856 -10.8447
0.0706321 -10.8443
0.0714083 -10.8439
0.0721845 -10.8435
0.0729607 -10.8432
0.0737368 -10.843
0.074513 -10.8428
0.0752892 -10.8427
0.0760654 -10.8426
0.0768415 -10.8426
0.0768415 -10.8426
0.0776177 -10.8427
0.0783939 -10.843
0.0791701 -10.8436
0.0799463 -10.8443
0.0807224 -10.8453
0.0814986 -10.8466
0.0822748 -10.848
0.083051 -10.8496
0.0838271 -10.8515
0.0846033 -10.8535
0.0853795 -10.8558
0.0861557 -10.8582
0.0869319 -10.8609
0.087708 -10.8637
0.0884842 -10.8668
0.0892604 -10.87
0.0900366 -10.8734
0.0908127 -10.8769
0.0915889 -10.8807
0.0923651 -10.8846
0.0931413 -10.8886
0.0939174 -10.8928
0.0946936 -10.8972
0.0954698 -10.9017
0.096246 -10.9063
0.0970222 -10.911
0.0977983 -10.9159
0.0985745 -10.9209
0.0993507 -10.926
0.100127 -10.9313
0.100903 -10.9366
0.101679 -10.942
0.102455 -10.9475
0.103232 -10.9531
0.104008 -10.9588
0.104784 -10.9646
0.10556 -10.9704
0.106336 -10.9763
0.107112 -10.9822
0.107889 -10.9882
0.108665 -10.9943
0.109441 -11.0004
0.110217 -11.0065
0.110993 -11.0127
0.11177 -11.0189
0.112546 -11.0251
0.113322 -11.0313
0.114098 -11.0375
0.114874 -11.0438
0.11565 -11.05
0.116427 -11.0563
0.117203 -11.0625
0.117979 -11.0687
0.118755 -11.0749
0.119531 -11.0811
0.120307 -11.0872
0.121084 -11.0933
0.12186 -11.0994
0.122636 -11.1054
0.123412 -11.1113
0.124188 -11.1172
0.124965 -11.1231
0.125741 -11.1288
0.126517 -11.1345
0.127293 -11.1401
0.128069 -11.1456
0.128845 -11.1511
0.129622 -11.1564
0.130398 -11.1616
0.131174 -11.1668
0.13195 -11.1718
0.132726 -11.1767
0.133502 -11.1815
0.134279 -11.1861
0.135055 -11.1906
0.135831 -11.195
0.136607 -11.1992
0.137383 -11.2033
0.13816 -11.2073
0.138936 -11.211
0.139712 -11.2147
0.140488 -11.2181
0.141264 -11.2214
0.14204 -11.2245
0.142817 -11.2274
0.143593 -11.2302
0.144369 -11.2327
0.145145 -11.2351
0.145921 -11.2372
0.146697 -11.2392
0.147474 -11.241
0.14825 -11.2426
0.149026 -11.2439
0.149802 -11.2451
0.150578 -11.246
0.151355 -11.2468
0.152131 -11.2473
0.152907 -11.2476
0.153683 -11.2477
0.153683 -11.2477
0.154781 -11.2475
0.155878 -11.2469
0.156976 -11.2458
0.158074 -11.2444
0.159171 -11.2425
0.160269 -11.2402
0.161367 -11.2376
0.162465 -11.2346
0.163562 -11.2312
0.16466 -11.2275
0.165758 -11.2236
0.166855 -11.2193
0.167953 -11.2147
0.169051 -11.2099
0.170148 -11.2049
0.171246 -11.1997
0.172344 -11.1942
0.173441 -11.1887
0.174539 -11.1829
0.175637 -11.1771
0.176734 -11.1711
0.177832 -11.1651
0.17893 -11.1589
0.180027 -11.1527
0.181125 -11.1465
0.182223 -11.1403
0.18332 -11.134
0.184418 -11.1277
0.185516 -11.1215
0.186614 -11.1153
0.187711 -11.1091
0.188809 -11.1029
0.189907 -11.0968
0.191004 -11.0908
0.192102 -11.0848
0.1932 -11.0789
0.194297 -11.0731
0.195395 -11.0674
0.196493 -11.0618
0.19759 -11.0562
0.198688 -11.0508
0.199786 -11.0455
0.200883 -11.0403
0.201981 -11.0353
0.203079 -11.0303
0.204176 -11.0255
0.205274 -11.0208
0.206372 -11.0163
0.207469 -11.0119
0.208567 -11.0076
0.209665 -11.0035
0.210762 -10.9995
0.21186 -10.9957
0.212958 -10.9921
0.214056 -10.9886
0.215153 -10.9853
0.216251 -10.9822
0.217349 -10.9793
0.218446 -10.9766
0.219544 -10.9742
0.220642 -10.972
0.221739 -10.97
0.222837 -10.9684
0.223935 -10.9671
0.225032 -10.9661
0.22613 -10.9656
0.227228 -10.9655
0.228325 -10.966
0.229423 -10.9671
0.230521 -10.969
0.231618 -10.9717
0.232716 -10.9754
0.233814 -10.9802
0.234911 -10.9862
0.236009 -10.9936
0.237107 -11.0025
0.238204 -11.0127
0.239302 -11.0244
0.2404 -11.0373
0.241498 -11.0515
0.242595 -11.0666
0.243693 -11.0825
0.244791 -11.099
0.245888 -11.116
0.246986 -11.1333
0.248084 -11.1506
0.249181 -11.1673
0.250279 -11.1786
0.251377 -11.1726
0.252474 -11.1624
0.253572 -11.1523
0.25467 -11.1427
0.255767 -11.1338
0.256865 -11.1258
0.257963 -11.119
0.25906 -11.1134
0.260158 -11.1093
0.261256 -11.1068
0.262353 -11.1059
0.262353 -11.1059
0.263098 -11.106
0.263842 -11.1061
0.264587 -11.1062
0.265331 -11.1064
0.266076 -11.1067
0.26682 -11.107
0.267564 -11.1074
0.268309 -11.1079
0.269053 -11.1084
0.269798 -11.109
0.270542 -11.1097
0.271287 -11.1104
0.272031 -11.1111
0.272775 -11.112
0.27352 -11.1129
0.274264 -11.1138
0.275009 -11.1148
0.275753 -11.1159
0.276497 -11.117
0.277242 -11.1182
0.277986 -11.1195
0.278731 -11.1208
0.279475 -11.1221
0.28022 -11.1236
0.280964 -11.125
0.281708 -11.1266
0.282453 -11.1282
0.283197 -11.1299
0.283942 -11.1316
0.284686 -11.1333
0.285431 -11.1352
0.286175 -11.1371
0.286919 -11.139
0.287664 -11.141
0.288408 -11.143
0.289153 -11.1451
0.289897 -11.1473
0.290642 -11.1495
0.291386 -11.1518
0.29213 -11.1541
0.292875 -11.1565
0.293619 -11.1589
0.294364 -11.1614
0.295108 -11.1639
0.295852 -11.1664
0.296597 -11.1691
0.297341 -11.1717
0.298086 -11.1745
0.29883 -11.1772
0.299575 -11.18
0.300319 -11.1829
0.301063 -11.1858
0.301808 -11.1887
0.302552 -11.1917
0.303297 -11.1948
0.304041 -11.1978
0.304786 -11.2009
0.30553 -11.2041
0.306274 -11.2072
0.307019 -11.2082
0.307763 -11.2057
0.308508 -11.203
0.309252 -11.2002
0.309997 -11.1974
0.310741 -11.1946
0.311485 -11.1917
0.31223 -11.1888
0.312974 -11.1859
0.313719 -11.1829
0.314463 -11.1799
0.315207 -11.1769
0.315952 -11.1738
0.316696 -11.1707
0.317441 -11.1676
0.318185 -11.1645
0.31893 -11.1614
0.319674 -11.1582
0.320418 -11.155
0.321163 -11.1518
0.321907 -11.1486
0.322652 -11.1453
0.323396 -11.142
0.324141 -11.1387
0.324885 -11.1354
0.325629 -11.1321
0.326374 -11.1287
0.327118 -11.1254
0.327863 -11.122
0.328607 -11.1186
0.329351 -11.1152
0.330096 -11.1118
0.33084 -11.1084
0.331585 -11.1049
0.332329 -11.1043
0.333074 -11.1083
0.333818 -11.1124
0.334562 -11.1165
0.335307 -11.1206
0.336051 -11.1246
0.336051 -11.1246
0.336827 -11.1242
0.337604 -11.123
0.33838 -11.1213
0.339156 -11.1191
0.339932 -11.1168
0.340708 -11.1144
0.341485 -11.1122
0.342261 -11.1101
0.343037 -11.1083
0.343813 -11.1067
0.344589 -11.1052
0.345365 -11.1039
0.346142 -11.1026
0.346918 -11.1014
0.347694 -11.1002
0.34847 -11.0991
0.349246 -11.0979
0.350022 -11.0967
0.350799 -11.0956
0.351575 -11.0944
0.352351 -11.0931
0.353127 -11.0919
0.353903 -11.0906
0.35468 -11.0893
0.355456 -11.088
0.356232 -11.0866
0.357008 -11.0852
0.357784 -11.0837
0.35856 -11.0823
0.359337 -11.0808
0.360113 -11.0792
0.360889 -11.0776
0.361665 -11.076
0.362441 -11.0744
0.363218 -11.0727
0.363994 -11.071
0.36477 -11.0693
0.365546 -11.0676
0.366322 -11.0658
0.367098 -11.064
0.367875 -11.0622
0.368651 -11.0603
0.369427 -11.0585
0.370203 -11.0566
0.370979 -11.0547
0.371755 -11.0528
0.372532 -11.0509
0.373308 -11.0489
0.374084 -11.047
0.37486 -11.045
0.375636 -11.0431
0.376413 -11.0411
0.377189 -11.0392
0.377965 -11.0372
0.378741 -11.0352
0.379517 -11.0333
0.380293 -11.0313
0.38107 -11.0293
0.381846 -11.0274
0.382622 -11.0255
0.383398 -11.0236
0.384174 -11.0216
0.38495 -11.0198
0.385727 -11.0179
0.386503 -11.0161
0.387279 -11.0142
0.388055 -11.0124
0.388831 -11.0107
0.389608 -11.0089
0.390384 -11.0072
0.39116 -11.0056
0.391936 -11.0039
0.392712 -11.0024
0.393488 -11.0008
0.394265 -10.9993
0.395041 -10.9979
0.395817 -10.9964
0.396593 -10.9951
0.397369 -10.9938
0.398145 -10.9925
0.398922 -10.9913
0.399698 -10.9902
0.400474 -10.9891
0.40125 -10.9881
0.402026 -10.9871
0.402803 -10.9862
0.403579 -10.9854
0.404355 -10.9847
0.405131 -10.984
0.405907 -10.9833
0.406683 -10.9828
0.40746 -10.9823
0.408236 -10.9819
0.409012 -10.9815
0.409788 -10.9813
0.410564 -10.9811
0.41134 -10.981
0.412117 -10.9809
0.412893 -10.9809
0.412893 -10.9809
0.413669 -10.9812
0.414445 -10.9822
0.415221 -10.9841
0.415998 -10.9867
0.416774 -10.99
0.41755 -10.994
0.418326 -10.9988
0.419102 -11.0042
0.419878 -11.0103
0.420655 -11.0169
0.421431 -11.0241
0.422207 -11.0319
0.422983 -11.0402
0.423759 -11.0489
0.424536 -11.0581
0.425312 -11.0677
0.426088 -11.0777
0.426864 -11.0881
0.42764 -11.0988
0.428416 -11.1098
0.429193 -11.1211
0.429969 -11.1328
0.430745 -11.1447
0.431521 -11.1568
0.432297 -11.1692
0.433073 -11.1818
0.43385 -11.1946
0.434626 -11.2076
0.435402 -11.2208
0.436178 -11.2342
0.436954 -11.2477
0.437731 -11.2614
0.438507 -11.2752
0.439283 -11.2892
0.440059 -11.3033
0.440835 -11.3175
0.441611 -11.3318
0.442388 -11.3462
0.443164 -11.3607
0.44394 -11.3753
0.444716 -11.39
0.445492 -11.4048
0.446268 -11.4196
0.447045 -11.4344
0.447821 -11.4494
0.448597 -11.4643
0.449373 -11.4793
0.450149 -11.4944
0.450926 -11.5095
0.451702 -11.5246
0.452478 -11.5397
0.453254 -11.5548
0.45403 -11.57
0.454806 -11.5851
0.455583 -11.6003
0.456359 -11.6154
0.457135 -11.6305
0.457911 -11.6456
0.458687 -11.6607
0.459463 -11.6757
0.46024 -11.6907
0.461016 -11.7057
0.461792 -11.7206
0.462568 -11.7355
0.463344 -11.7503
0.464121 -11.765
0.464897 -11.7797
0.465673 -11.7943
0.466449 -11.8088
0.467225 -11.8232
0.468001 -11.8375
0.468778 -11.8517
0.469554 -11.8658
0.47033 -11.8797
0.471106 -11.8935
0.471882 -11.9071
0.472658 -11.9206
0.473435 -11.9339
0.474211 -11.947
0.474987 -11.9599
0.475763 -11.9725
0.476539 -11.9849
0.477316 -11.997
0.478092 -12.0088
0.478868 -12.0202
0.479644 -12.0313
0.48042 -12.0419
0.481196 -12.0521
0.481973 -12.0617
0.482749 -12.0708
0.483525 -12.0792
0.484301 -12.0869
0.485077 -12.0938
0.485854 -12.0999
0.48663 -12.105
0.487406 -12.1092
0.488182 -12.1122
0.488958 -12.1142
0.489734 -12.115
0.489734 -12.115
0.490832 -12.1135
0.49193 -12.1098
0.493027 -12.1039
0.494125 -12.0962
0.495223 -12.0868
0.49632 -12.0759
0.497418 -12.0639
0.498516 -12.0508
0.499614 -12.037
0.500711 -12.0224
0.501809 -12.0073
0.502907 -11.9918
0.504004 -11.9759
0.505102 -11.9598
0.5062 -11.9434
0.507297 -11.9269
0.508395 -11.9102
0.509493 -11.8935
0.51059 -11.8767
0.511688 -11.8598
0.512786 -11.843
0.513883 -11.8262
0.514981 -11.8095
0.516079 -11.7928
0.517176 -11.7762
0.518274 -11.7597
0.519372 -11.7433
0.520469 -11.727
0.521567 -11.7109
0.522665 -11.6948
0.523762 -11.6789
0.52486 -11.6632
0.525958 -11.6476
0.527056 -11.6322
0.528153 -11.617
0.529251 -11.6019
0.530349 -11.587
0.531446 -11.5723
0.532544 -11.5578
0.533642 -11.5435
0.534739 -11.5294
0.535837 -11.5155
0.536935 -11.5018
0.538032 -11.4883
0.53913 -11.475
0.540228 -11.4619
0.541325 -11.4491
0.542423 -11.4364
0.543521 -11.424
0.544618 -11.4118
0.545716 -11.3998
0.546814 -11.388
0.547911 -11.3764
0.549009 -11.3651
0.550107 -11.354
0.551204 -11.3431
0.552302 -11.3325
0.5534 -11.3221
0.554498 -11.3119
0.555595 -11.3019
0.556693 -11.2922
0.557791 -11.2827
0.558888 -11.2734
0.559986 -11.2644
0.561084 -11.2556
0.562181 -11.247
0.563279 -11.2387
0.564377 -11.2306
0.565474 -11.2228
0.566572 -11.2152
0.56767 -11.2078
0.568767 -11.2007
0.569865 -11.1939
0.570963 -11.1872
0.57206 -11.1809
0.573158 -11.1748
0.574256 -11.1689
0.575353 -11.1633
0.576451 -11.158
0.577549 -11.1529
0.578647 -11.1481
0.579744 -11.1436
0.580842 -11.1393
0.58194 -11.1353
0.583037 -11.1316
0.584135 -11.1283
0.585233 -11.1252
0.58633 -11.1224
0.587428 -11.12
0.588526 -11.118
0.589623 -11.1165
0.590721 -11.1155
0.591819 -11.1152
0.592916 -11.1157
0.594014 -11.1171
0.595112 -11.1193
0.596209 -11.1218
0.597307 -11.1238
0.598405 -11.1246
