# Band 29 from P4mcc-bands-soc.dat
# Original plotting-script index j = 28
# Energy column is E - E_F in eV; Fermi level is therefore at 0 eV in these files.
# Columns: k_distance  energy_minus_EF_eV
0 -6.74655
0.000776178 -6.74635
0.00155235 -6.74585
0.00232853 -6.74515
0.00310471 -6.74405
0.00388089 -6.74265
0.00465706 -6.74095
0.00543324 -6.73905
0.00620942 -6.73675
0.0069856 -6.73415
0.00776177 -6.73135
0.00853795 -6.72815
0.00931413 -6.72475
0.0100903 -6.72105
0.0108665 -6.71705
0.0116427 -6.71285
0.0124188 -6.70835
0.013195 -6.70365
0.0139712 -6.69875
0.0147474 -6.69355
0.0155235 -6.68815
0.0162997 -6.68255
0.0170759 -6.67675
0.0178521 -6.67075
0.0186283 -6.66455
0.0194044 -6.65825
0.0201806 -6.65175
0.0209568 -6.64515
0.021733 -6.63845
0.0225091 -6.63165
0.0232853 -6.62475
0.0240615 -6.61775
0.0248377 -6.61075
0.0256138 -6.60375
0.02639 -6.59665
0.0271662 -6.58955
0.0279424 -6.58255
0.0287186 -6.57555
0.0294947 -6.56865
0.0302709 -6.56185
0.0310471 -6.55505
0.0318233 -6.54835
0.0325994 -6.54175
0.0333756 -6.53515
0.0341518 -6.52875
0.034928 -6.52225
0.0357042 -6.51595
0.0364803 -6.50965
0.0372565 -6.50345
0.0380327 -6.49725
0.0388089 -6.49125
0.039585 -6.48525
0.0403612 -6.47945
0.0411374 -6.47375
0.0419136 -6.46825
0.0426897 -6.46295
0.0434659 -6.45785
0.0442421 -6.45295
0.0450183 -6.44835
0.0457945 -6.44395
0.0465706 -6.43985
0.0473468 -6.43605
0.048123 -6.43245
0.0488992 -6.42915
0.0496753 -6.42615
0.0504515 -6.42335
0.0512277 -6.42085
0.0520039 -6.41855
0.0527801 -6.41645
0.0535562 -6.41465
0.0543324 -6.41295
0.0551086 -6.41145
0.0558848 -6.41025
0.0566609 -6.40905
0.0574371 -6.40815
0.0582133 -6.40735
0.0589895 -6.40665
0.0597656 -6.40615
0.0605418 -6.40565
0.061318 -6.40535
0.0620942 -6.40505
0.0628704 -6.40495
0.0636465 -6.40485
0.0644227 -6.40475
0.0651989 -6.40475
0.0659751 -6.40485
0.0667512 -6.40495
0.0675274 -6.40505
0.0683036 -6.40515
0.0690798 -6.40525
0.069856 -6.40545
0.0706321 -6.40555
0.0714083 -6.40565
0.0721845 -6.40585
0.0729607 -6.40595
0.0737368 -6.40605
0.074513 -6.40615
0.0752892 -6.40615
0.0760654 -6.40615
0.0768415 -6.40625
0.0768415 -6.40625
0.0776177 -6.40595
0.0783939 -6.40535
0.0791701 -6.40425
0.0799463 -6.40275
0.0807224 -6.40085
0.0814986 -6.39845
0.0822748 -6.39565
0.083051 -6.39235
0.0838271 -6.38875
0.0846033 -6.38455
0.0853795 -6.38005
0.0861557 -6.37515
0.0869319 -6.36975
0.087708 -6.36385
0.0884842 -6.35765
0.0892604 -6.35095
0.0900366 -6.34385
0.0908127 -6.33635
0.0915889 -6.32845
0.0923651 -6.32005
0.0931413 -6.31125
0.0939174 -6.30205
0.0946936 -6.29245
0.0954698 -6.28235
0.096246 -6.27195
0.0970222 -6.26105
0.0977983 -6.24975
0.0985745 -6.23815
0.0993507 -6.22605
0.100127 -6.21355
0.100903 -6.20065
0.101679 -6.18735
0.102455 -6.17365
0.103232 -6.15965
0.104008 -6.14515
0.104784 -6.13035
0.10556 -6.11515
0.106336 -6.09955
0.107112 -6.08355
0.107889 -6.06725
0.108665 -6.05605
0.109441 -6.04855
0.110217 -6.04085
0.110993 -6.03295
0.11177 -6.02495
0.112546 -6.01675
0.113322 -6.00845
0.114098 -6.00005
0.114874 -5.99145
0.11565 -5.98265
0.116427 -5.97375
0.117203 -5.96475
0.117979 -5.95555
0.118755 -5.94625
0.119531 -5.93685
0.120307 -5.92725
0.121084 -5.91765
0.12186 -5.90785
0.122636 -5.89795
0.123412 -5.88795
0.124188 -5.87785
0.124965 -5.86775
0.125741 -5.85745
0.126517 -5.84705
0.127293 -5.83665
0.128069 -5.82625
0.128845 -5.81565
0.129622 -5.80515
0.130398 -5.79445
0.131174 -5.78385
0.13195 -5.77325
0.132726 -5.76255
0.133502 -5.75195
0.134279 -5.74135
0.135055 -5.73085
0.135831 -5.72035
0.136607 -5.70995
0.137383 -5.69965
0.13816 -5.68955
0.138936 -5.67955
0.139712 -5.66965
0.140488 -5.66005
0.141264 -5.65065
0.14204 -5.64155
0.142817 -5.63275
0.143593 -5.62435
0.144369 -5.61625
0.145145 -5.60865
0.145921 -5.60145
0.146697 -5.59485
0.147474 -5.58865
0.14825 -5.58315
0.149026 -5.57835
0.149802 -5.57415
0.150578 -5.57065
0.151355 -5.56785
0.152131 -5.56585
0.152907 -5.56465
0.153683 -5.56425
0.153683 -5.56425
0.154781 -5.56505
0.155878 -5.56745
0.156976 -5.57145
0.158074 -5.57685
0.159171 -5.58375
0.160269 -5.59185
0.161367 -5.60135
0.162465 -5.61185
0.163562 -5.62345
0.16466 -5.63595
0.165758 -5.64925
0.166855 -5.66325
0.167953 -5.67795
0.169051 -5.69325
0.170148 -5.70895
0.171246 -5.72515
0.172344 -5.74165
0.173441 -5.75845
0.174539 -5.77555
0.175637 -5.79285
0.176734 -5.81035
0.177832 -5.82805
0.17893 -5.84575
0.180027 -5.86355
0.181125 -5.88135
0.182223 -5.89925
0.18332 -5.91715
0.184418 -5.93495
0.185516 -5.95275
0.186614 -5.97055
0.187711 -5.98825
0.188809 -6.00585
0.189907 -6.02335
0.191004 -6.04065
0.192102 -6.05795
0.1932 -6.07505
0.194297 -6.09205
0.195395 -6.10885
0.196493 -6.12555
0.19759 -6.14195
0.198688 -6.15825
0.199786 -6.17445
0.200883 -6.19035
0.201981 -6.20605
0.203079 -6.22155
0.204176 -6.23685
0.205274 -6.25195
0.206372 -6.26675
0.207469 -6.28145
0.208567 -6.29585
0.209665 -6.30995
0.210762 -6.32395
0.21186 -6.33755
0.212958 -6.35105
0.214056 -6.36415
0.215153 -6.37715
0.216251 -6.38975
0.217349 -6.40215
0.218446 -6.41435
0.219544 -6.42625
0.220642 -6.43785
0.221739 -6.44915
0.222837 -6.46025
0.223935 -6.47105
0.225032 -6.48165
0.22613 -6.49195
0.227228 -6.50195
0.228325 -6.51165
0.229423 -6.52125
0.230521 -6.53055
0.231618 -6.53975
0.232716 -6.54895
0.233814 -6.55855
0.234911 -6.56915
0.236009 -6.58075
0.237107 -6.59295
0.238204 -6.60505
0.239302 -6.61685
0.2404 -6.62835
0.241498 -6.63935
0.242595 -6.64995
0.243693 -6.66005
0.244791 -6.66965
0.245888 -6.67875
0.246986 -6.68735
0.248084 -6.69535
0.249181 -6.70275
0.250279 -6.70965
0.251377 -6.71605
0.252474 -6.72175
0.253572 -6.72695
0.25467 -6.73145
0.255767 -6.73545
0.256865 -6.73885
0.257963 -6.74155
0.25906 -6.74375
0.260158 -6.74525
0.261256 -6.74625
0.262353 -6.74655
0.262353 -6.74655
0.263098 -6.74645
0.263842 -6.74615
0.264587 -6.74555
0.265331 -6.74485
0.266076 -6.74395
0.26682 -6.74285
0.267564 -6.74145
0.268309 -6.73995
0.269053 -6.73825
0.269798 -6.73625
0.270542 -6.73415
0.271287 -6.73175
0.272031 -6.72925
0.272775 -6.72645
0.27352 -6.72355
0.274264 -6.72035
0.275009 -6.71695
0.275753 -6.71345
0.276497 -6.70965
0.277242 -6.70565
0.277986 -6.70155
0.278731 -6.69715
0.279475 -6.69255
0.28022 -6.68775
0.280964 -6.68285
0.281708 -6.67765
0.282453 -6.67235
0.283197 -6.66675
0.283942 -6.66105
0.284686 -6.65505
0.285431 -6.64895
0.286175 -6.64255
0.286919 -6.63605
0.287664 -6.62935
0.288408 -6.62245
0.289153 -6.61535
0.289897 -6.60805
0.290642 -6.60065
0.291386 -6.59295
0.29213 -6.58515
0.292875 -6.57705
0.293619 -6.56885
0.294364 -6.56045
0.295108 -6.55195
0.295852 -6.54315
0.296597 -6.53425
0.297341 -6.52515
0.298086 -6.51585
0.29883 -6.50635
0.299575 -6.49675
0.300319 -6.48695
0.301063 -6.47695
0.301808 -6.46685
0.302552 -6.45645
0.303297 -6.44605
0.304041 -6.43535
0.304786 -6.42455
0.30553 -6.41365
0.306274 -6.40245
0.307019 -6.39115
0.307763 -6.37975
0.308508 -6.36815
0.309252 -6.35645
0.309997 -6.34455
0.310741 -6.33245
0.311485 -6.32035
0.31223 -6.30795
0.312974 -6.29555
0.313719 -6.28295
0.314463 -6.27015
0.315207 -6.25725
0.315952 -6.24425
0.316696 -6.23115
0.317441 -6.21785
0.318185 -6.20445
0.31893 -6.19095
0.319674 -6.17735
0.320418 -6.16365
0.321163 -6.14975
0.321907 -6.13585
0.322652 -6.12175
0.323396 -6.10765
0.324141 -6.09345
0.324885 -6.07905
0.325629 -6.06465
0.326374 -6.05015
0.327118 -6.03555
0.327863 -6.02095
0.328607 -6.00615
0.329351 -5.99145
0.330096 -5.97655
0.33084 -5.96175
0.331585 -5.94675
0.332329 -5.93185
0.333074 -5.91685
0.333818 -5.90185
0.334562 -5.88685
0.335307 -5.87185
0.336051 -5.85695
0.336051 -5.85695
0.336827 -5.85695
0.337604 -5.85695
0.33838 -5.85715
0.339156 -5.85805
0.339932 -5.85975
0.340708 -5.86215
0.341485 -5.86515
0.342261 -5.86855
0.343037 -5.87245
0.343813 -5.87675
0.344589 -5.88145
0.345365 -5.88645
0.346142 -5.89185
0.346918 -5.89755
0.347694 -5.90355
0.34847 -5.90985
0.349246 -5.91645
0.350022 -5.92325
0.350799 -5.93025
0.351575 -5.93755
0.352351 -5.94495
0.353127 -5.95255
0.353903 -5.96025
0.35468 -5.96815
0.355456 -5.97615
0.356232 -5.98425
0.357008 -5.99235
0.357784 -6.00065
0.35856 -6.00895
0.359337 -6.01725
0.360113 -6.02565
0.360889 -6.03395
0.361665 -6.04235
0.362441 -6.05075
0.363218 -6.05905
0.363994 -6.06735
0.36477 -6.07565
0.365546 -6.08385
0.366322 -6.09205
0.367098 -6.10015
0.367875 -6.10815
0.368651 -6.11605
0.369427 -6.12385
0.370203 -6.13165
0.370979 -6.13925
0.371755 -6.14675
0.372532 -6.15415
0.373308 -6.16145
0.374084 -6.16855
0.37486 -6.17565
0.375636 -6.18255
0.376413 -6.18925
0.377189 -6.19595
0.377965 -6.20235
0.378741 -6.20875
0.379517 -6.21495
0.380293 -6.22095
0.38107 -6.22685
0.381846 -6.23255
0.382622 -6.23815
0.383398 -6.24355
0.384174 -6.24885
0.38495 -6.25395
0.385727 -6.25885
0.386503 -6.26365
0.387279 -6.26825
0.388055 -6.27275
0.388831 -6.27705
0.389608 -6.28125
0.390384 -6.28525
0.39116 -6.28905
0.391936 -6.29275
0.392712 -6.29625
0.393488 -6.29965
0.394265 -6.30285
0.395041 -6.30595
0.395817 -6.30885
0.396593 -6.31165
0.397369 -6.31425
0.398145 -6.31675
0.398922 -6.31905
0.399698 -6.32125
0.400474 -6.32325
0.40125 -6.32515
0.402026 -6.32685
0.402803 -6.32855
0.403579 -6.32995
0.404355 -6.33135
0.405131 -6.33245
0.405907 -6.33355
0.406683 -6.33445
0.40746 -6.33525
0.408236 -6.33595
0.409012 -6.33645
0.409788 -6.33685
0.410564 -6.33705
0.41134 -6.33725
0.412117 -6.33725
0.412893 -6.33705
0.412893 -6.33705
0.413669 -6.33715
0.414445 -6.33675
0.415221 -6.33595
0.415998 -6.33465
0.416774 -6.33295
0.41755 -6.33085
0.418326 -6.32835
0.419102 -6.32535
0.419878 -6.32195
0.420655 -6.31805
0.421431 -6.31385
0.422207 -6.30915
0.422983 -6.30405
0.423759 -6.29845
0.424536 -6.29245
0.425312 -6.28605
0.426088 -6.27925
0.426864 -6.27205
0.42764 -6.26435
0.428416 -6.25625
0.429193 -6.24775
0.429969 -6.23885
0.430745 -6.22945
0.431521 -6.21975
0.432297 -6.20955
0.433073 -6.19905
0.43385 -6.18805
0.434626 -6.17665
0.435402 -6.16485
0.436178 -6.15275
0.436954 -6.14015
0.437731 -6.12725
0.438507 -6.11385
0.439283 -6.10015
0.440059 -6.08605
0.440835 -6.07155
0.441611 -6.05675
0.442388 -6.04155
0.443164 -6.02595
0.44394 -6.01005
0.444716 -5.99375
0.445492 -5.97715
0.446268 -5.96015
0.447045 -5.94285
0.447821 -5.92515
0.448597 -5.90715
0.449373 -5.88885
0.450149 -5.87025
0.450926 -5.85135
0.451702 -5.83205
0.452478 -5.81255
0.453254 -5.79265
0.45403 -5.77255
0.454806 -5.75215
0.455583 -5.73145
0.456359 -5.71045
0.457135 -5.68925
0.457911 -5.66775
0.458687 -5.64595
0.459463 -5.62395
0.46024 -5.60175
0.461016 -5.57925
0.461792 -5.55665
0.462568 -5.53375
0.463344 -5.51055
0.464121 -5.48725
0.464897 -5.46375
0.465673 -5.44005
0.466449 -5.41625
0.467225 -5.39215
0.468001 -5.36805
0.468778 -5.34365
0.469554 -5.31915
0.47033 -5.29455
0.471106 -5.26985
0.471882 -5.24505
0.472658 -5.22005
0.473435 -5.19505
0.474211 -5.17005
0.474987 -5.14485
0.475763 -5.11975
0.476539 -5.09455
0.477316 -5.06935
0.478092 -5.04415
0.478868 -5.01905
0.479644 -4.99405
0.48042 -4.96915
0.481196 -4.94445
0.481973 -4.91995
0.482749 -4.89565
0.483525 -4.87185
0.484301 -4.84845
0.485077 -4.82565
0.485854 -4.80365
0.48663 -4.78285
0.487406 -4.76345
0.488182 -4.74625
0.488958 -4.73215
0.489734 -4.72225
0.489734 -4.72225
0.490832 -4.73755
0.49193 -4.76055
0.493027 -4.78785
0.494125 -4.81785
0.495223 -4.84935
0.49632 -4.88175
0.497418 -4.91475
0.498516 -4.94815
0.499614 -4.98175
0.500711 -5.01545
0.501809 -5.04915
0.502907 -5.08285
0.504004 -5.11635
0.505102 -5.14975
0.5062 -5.18285
0.507297 -5.21575
0.508395 -5.24835
0.509493 -5.28065
0.51059 -5.31255
0.511688 -5.34405
0.512786 -5.37515
0.513883 -5.40585
0.514981 -5.43605
0.516079 -5.46575
0.517176 -5.49485
0.518274 -5.52345
0.519372 -5.55145
0.520469 -5.57885
0.521567 -5.60565
0.522665 -5.63185
0.523762 -5.65735
0.52486 -5.68205
0.525958 -5.70615
0.527056 -5.72955
0.528153 -5.75205
0.529251 -5.77395
0.530349 -5.79495
0.531446 -5.81515
0.532544 -5.83465
0.533642 -5.85325
0.534739 -5.87095
0.535837 -5.88785
0.536935 -5.90395
0.538032 -5.91905
0.53913 -5.93335
0.540228 -5.94675
0.541325 -5.95935
0.542423 -5.97095
0.543521 -5.98165
0.544618 -5.99155
0.545716 -6.00045
0.546814 -6.00845
0.547911 -6.01565
0.549009 -6.02195
0.550107 -6.02745
0.551204 -6.03195
0.552302 -6.03575
0.5534 -6.03865
0.554498 -6.04075
0.555595 -6.04205
0.556693 -6.04255
0.557791 -6.04235
0.558888 -6.04135
0.559986 -6.03965
0.561084 -6.03735
0.562181 -6.03445
0.563279 -6.03085
0.564377 -6.02665
0.565474 -6.02195
0.566572 -6.01675
0.56767 -6.01115
0.568767 -6.00505
0.569865 -5.99865
0.570963 -5.99185
0.57206 -5.98475
0.573158 -5.97735
0.574256 -5.96985
0.575353 -5.96215
0.576451 -5.95435
0.577549 -5.94655
0.578647 -5.93875
0.579744 -5.93095
0.580842 -5.92335
0.58194 -5.91585
0.583037 -5.90865
0.584135 -5.90155
0.585233 -5.89485
0.58633 -5.88845
0.587428 -5.88245
0.588526 -5.87685
0.589623 -5.87175
0.590721 -5.86725
0.591819 -5.86335
0.592916 -5.86015
0.594014 -5.85785
0.595112 -5.85675
0.596209 -5.85675
0.597307 -5.85685
0.598405 -5.85695
