# Band 33 from P4mcc-bands-soc.dat
# Original plotting-script index j = 32
# Energy column is E - E_F in eV; Fermi level is therefore at 0 eV in these files.
# Columns: k_distance  energy_minus_EF_eV
0 -5.85555
0.000776178 -5.85565
0.00155235 -5.85585
0.00232853 -5.85615
0.00310471 -5.85655
0.00388089 -5.85715
0.00465706 -5.85785
0.00543324 -5.85855
0.00620942 -5.85945
0.0069856 -5.86045
0.00776177 -5.86145
0.00853795 -5.86255
0.00931413 -5.86375
0.0100903 -5.86495
0.0108665 -5.86625
0.0116427 -5.86755
0.0124188 -5.86885
0.013195 -5.87015
0.0139712 -5.87145
0.0147474 -5.87275
0.0155235 -5.87395
0.0162997 -5.87525
0.0170759 -5.87635
0.0178521 -5.87745
0.0186283 -5.87845
0.0194044 -5.87935
0.0201806 -5.88015
0.0209568 -5.88085
0.021733 -5.88145
0.0225091 -5.88195
0.0232853 -5.88225
0.0240615 -5.88245
0.0248377 -5.88255
0.0256138 -5.88245
0.02639 -5.88215
0.0271662 -5.88175
0.0279424 -5.88125
0.0287186 -5.88045
0.0294947 -5.87955
0.0302709 -5.87845
0.0310471 -5.87715
0.0318233 -5.87575
0.0325994 -5.87415
0.0333756 -5.87235
0.0341518 -5.87035
0.034928 -5.86815
0.0357042 -5.86585
0.0364803 -5.86335
0.0372565 -5.86065
0.0380327 -5.85785
0.0388089 -5.85485
0.039585 -5.85165
0.0403612 -5.84835
0.0411374 -5.84495
0.0419136 -5.84135
0.0426897 -5.83765
0.0434659 -5.83385
0.0442421 -5.82985
0.0450183 -5.82585
0.0457945 -5.82175
0.0465706 -5.81755
0.0473468 -5.81325
0.048123 -5.80905
0.0488992 -5.80475
0.0496753 -5.80045
0.0504515 -5.79625
0.0512277 -5.79215
0.0520039 -5.78815
0.0527801 -5.78445
0.0535562 -5.78105
0.0543324 -5.77805
0.0551086 -5.77565
0.0558848 -5.77385
0.0566609 -5.77285
0.0574371 -5.77255
0.0582133 -5.77315
0.0589895 -5.77425
0.0597656 -5.77595
0.0605418 -5.77795
0.061318 -5.78025
0.0620942 -5.78265
0.0628704 -5.78515
0.0636465 -5.78765
0.0644227 -5.79005
0.0651989 -5.79245
0.0659751 -5.79465
0.0667512 -5.79685
0.0675274 -5.79885
0.0683036 -5.80075
0.0690798 -5.80255
0.069856 -5.80415
0.0706321 -5.80565
0.0714083 -5.80685
0.0721845 -5.80805
0.0729607 -5.80895
0.0737368 -5.80975
0.074513 -5.81035
0.0752892 -5.81085
0.0760654 -5.81105
0.0768415 -5.81115
0.0768415 -5.81115
0.0776177 -5.81105
0.0783939 -5.81075
0.0791701 -5.81025
0.0799463 -5.80955
0.0807224 -5.80855
0.0814986 -5.80735
0.0822748 -5.80595
0.083051 -5.80435
0.0838271 -5.80245
0.0846033 -5.80025
0.0853795 -5.79775
0.0861557 -5.79495
0.0869319 -5.79195
0.087708 -5.78855
0.0884842 -5.78485
0.0892604 -5.78075
0.0900366 -5.77645
0.0908127 -5.77175
0.0915889 -5.76665
0.0923651 -5.76125
0.0931413 -5.75545
0.0939174 -5.74925
0.0946936 -5.74275
0.0954698 -5.73585
0.096246 -5.72865
0.0970222 -5.72095
0.0977983 -5.71295
0.0985745 -5.70465
0.0993507 -5.69585
0.100127 -5.68675
0.100903 -5.67725
0.101679 -5.66745
0.102455 -5.65725
0.103232 -5.64665
0.104008 -5.63575
0.104784 -5.62445
0.10556 -5.61285
0.106336 -5.60095
0.107112 -5.58865
0.107889 -5.57595
0.108665 -5.56305
0.109441 -5.54975
0.110217 -5.53615
0.110993 -5.52225
0.11177 -5.50805
0.112546 -5.49355
0.113322 -5.47875
0.114098 -5.46375
0.114874 -5.44845
0.11565 -5.43285
0.116427 -5.41705
0.117203 -5.40095
0.117979 -5.38465
0.118755 -5.36815
0.119531 -5.35145
0.120307 -5.33455
0.121084 -5.31745
0.12186 -5.30025
0.122636 -5.28285
0.123412 -5.26535
0.124188 -5.24775
0.124965 -5.22995
0.125741 -5.21215
0.126517 -5.19425
0.127293 -5.17635
0.128069 -5.15845
0.128845 -5.14045
0.129622 -5.12255
0.130398 -5.10465
0.131174 -5.08685
0.13195 -5.06915
0.132726 -5.05165
0.133502 -5.03425
0.134279 -5.01705
0.135055 -5.00015
0.135831 -4.98345
0.136607 -4.96725
0.137383 -4.95165
0.13816 -4.93675
0.138936 -4.92335
0.139712 -4.91295
0.140488 -4.90675
0.141264 -4.90375
0.14204 -4.90215
0.142817 -4.90135
0.143593 -4.90115
0.144369 -4.90155
0.145145 -4.90245
0.145921 -4.90385
0.146697 -4.90585
0.147474 -4.90805
0.14825 -4.91045
0.149026 -4.91255
0.149802 -4.91365
0.150578 -4.91205
0.151355 -4.90745
0.152131 -4.90295
0.152907 -4.89995
0.153683 -4.89895
0.153683 -4.89895
0.154781 -4.90105
0.155878 -4.90695
0.156976 -4.91585
0.158074 -4.91965
0.159171 -4.91755
0.160269 -4.91615
0.161367 -4.91715
0.162465 -4.92335
0.163562 -4.93625
0.16466 -4.95455
0.165758 -4.97655
0.166855 -5.00075
0.167953 -5.02635
0.169051 -5.05285
0.170148 -5.07985
0.171246 -5.10695
0.172344 -5.13415
0.173441 -5.16115
0.174539 -5.18785
0.175637 -5.21415
0.176734 -5.23995
0.177832 -5.26515
0.17893 -5.28975
0.180027 -5.31365
0.181125 -5.33675
0.182223 -5.35915
0.18332 -5.38065
0.184418 -5.40135
0.185516 -5.42125
0.186614 -5.44035
0.187711 -5.45845
0.188809 -5.47575
0.189907 -5.49205
0.191004 -5.50755
0.192102 -5.52205
0.1932 -5.53565
0.194297 -5.54835
0.195395 -5.56005
0.196493 -5.57085
0.19759 -5.58075
0.198688 -5.58965
0.199786 -5.59765
0.200883 -5.60485
0.201981 -5.61115
0.203079 -5.61675
0.204176 -5.62165
0.205274 -5.62635
0.206372 -5.63125
0.207469 -5.63725
0.208567 -5.64575
0.209665 -5.65755
0.210762 -5.67165
0.21186 -5.68695
0.212958 -5.70265
0.214056 -5.71805
0.215153 -5.73315
0.216251 -5.74755
0.217349 -5.76135
0.218446 -5.77445
0.219544 -5.78685
0.220642 -5.79845
0.221739 -5.80925
0.222837 -5.81925
0.223935 -5.82845
0.225032 -5.83685
0.22613 -5.84445
0.227228 -5.85135
0.228325 -5.85745
0.229423 -5.86285
0.230521 -5.86745
0.231618 -5.87145
0.232716 -5.87475
0.233814 -5.87745
0.234911 -5.87945
0.236009 -5.88105
0.237107 -5.88205
0.238204 -5.88255
0.239302 -5.88265
0.2404 -5.88225
0.241498 -5.88165
0.242595 -5.88065
0.243693 -5.87935
0.244791 -5.87785
0.245888 -5.87625
0.246986 -5.87445
0.248084 -5.87255
0.249181 -5.87055
0.250279 -5.86865
0.251377 -5.86665
0.252474 -5.86485
0.253572 -5.86305
0.25467 -5.86145
0.255767 -5.85995
0.256865 -5.85865
0.257963 -5.85755
0.25906 -5.85675
0.260158 -5.85605
0.261256 -5.85565
0.262353 -5.85555
0.262353 -5.85555
0.263098 -5.85565
0.263842 -5.85585
0.264587 -5.85625
0.265331 -5.85675
0.266076 -5.85745
0.26682 -5.85825
0.267564 -5.85925
0.268309 -5.86035
0.269053 -5.86155
0.269798 -5.86295
0.270542 -5.86445
0.271287 -5.86605
0.272031 -5.86775
0.272775 -5.86965
0.27352 -5.87165
0.274264 -5.87365
0.275009 -5.87585
0.275753 -5.87805
0.276497 -5.88045
0.277242 -5.88285
0.277986 -5.88535
0.278731 -5.88785
0.279475 -5.89045
0.28022 -5.89315
0.280964 -5.89585
0.281708 -5.89855
0.282453 -5.90125
0.283197 -5.90405
0.283942 -5.90685
0.284686 -5.90965
0.285431 -5.91245
0.286175 -5.91525
0.286919 -5.91805
0.287664 -5.92085
0.288408 -5.92355
0.289153 -5.92625
0.289897 -5.92895
0.290642 -5.93155
0.291386 -5.93405
0.29213 -5.93665
0.292875 -5.93905
0.293619 -5.94145
0.294364 -5.94375
0.295108 -5.94595
0.295852 -5.94815
0.296597 -5.95015
0.297341 -5.95215
0.298086 -5.95405
0.29883 -5.95575
0.299575 -5.95745
0.300319 -5.95895
0.301063 -5.96035
0.301808 -5.96165
0.302552 -5.96285
0.303297 -5.94665
0.304041 -5.92395
0.304786 -5.90115
0.30553 -5.87835
0.306274 -5.85565
0.307019 -5.83305
0.307763 -5.81065
0.308508 -5.78855
0.309252 -5.76685
0.309997 -5.74555
0.310741 -5.72505
0.311485 -5.70525
0.31223 -5.68655
0.312974 -5.66905
0.313719 -5.65295
0.314463 -5.63855
0.315207 -5.62615
0.315952 -5.61575
0.316696 -5.62635
0.317441 -5.63685
0.318185 -5.64725
0.31893 -5.65745
0.319674 -5.66755
0.320418 -5.67755
0.321163 -5.68735
0.321907 -5.69705
0.322652 -5.70655
0.323396 -5.71595
0.324141 -5.72515
0.324885 -5.73425
0.325629 -5.74315
0.326374 -5.75185
0.327118 -5.76045
0.327863 -5.76895
0.328607 -5.77715
0.329351 -5.78525
0.330096 -5.79315
0.33084 -5.80095
0.331585 -5.80855
0.332329 -5.81595
0.333074 -5.82325
0.333818 -5.83025
0.334562 -5.83725
0.335307 -5.84395
0.336051 -5.85045
0.336051 -5.85045
0.336827 -5.85075
0.337604 -5.85115
0.33838 -5.85145
0.339156 -5.85115
0.339932 -5.85015
0.340708 -5.84855
0.341485 -5.84655
0.342261 -5.84405
0.343037 -5.84125
0.343813 -5.83805
0.344589 -5.83445
0.345365 -5.83065
0.346142 -5.82645
0.346918 -5.82195
0.347694 -5.81705
0.34847 -5.81195
0.349246 -5.80645
0.350022 -5.80075
0.350799 -5.79465
0.351575 -5.78825
0.352351 -5.78165
0.353127 -5.77475
0.353903 -5.76755
0.35468 -5.76015
0.355456 -5.75245
0.356232 -5.74445
0.357008 -5.73635
0.357784 -5.72795
0.35856 -5.71925
0.359337 -5.71045
0.360113 -5.70145
0.360889 -5.69225
0.361665 -5.68285
0.362441 -5.67335
0.363218 -5.66375
0.363994 -5.65395
0.36477 -5.64405
0.365546 -5.63405
0.366322 -5.62395
0.367098 -5.61385
0.367875 -5.60375
0.368651 -5.59355
0.369427 -5.58335
0.370203 -5.57325
0.370979 -5.56315
0.371755 -5.55315
0.372532 -5.54325
0.373308 -5.53345
0.374084 -5.52385
0.37486 -5.51435
0.375636 -5.50505
0.376413 -5.49605
0.377189 -5.48725
0.377965 -5.47875
0.378741 -5.47055
0.379517 -5.46265
0.380293 -5.45505
0.38107 -5.44785
0.381846 -5.44095
0.382622 -5.43455
0.383398 -5.42845
0.384174 -5.42275
0.38495 -5.41755
0.385727 -5.41265
0.386503 -5.40825
0.387279 -5.40415
0.388055 -5.40055
0.388831 -5.39725
0.389608 -5.39435
0.390384 -5.39175
0.39116 -5.38955
0.391936 -5.38765
0.392712 -5.38595
0.393488 -5.38465
0.394265 -5.38355
0.395041 -5.38265
0.395817 -5.38195
0.396593 -5.38145
0.397369 -5.38115
0.398145 -5.38095
0.398922 -5.38085
0.399698 -5.38095
0.400474 -5.38105
0.40125 -5.38115
0.402026 -5.38145
0.402803 -5.38165
0.403579 -5.38195
0.404355 -5.38215
0.405131 -5.38245
0.405907 -5.38265
0.406683 -5.38285
0.40746 -5.38295
0.408236 -5.38305
0.409012 -5.38305
0.409788 -5.38305
0.410564 -5.38285
0.41134 -5.38265
0.412117 -5.38245
0.412893 -5.38205
0.412893 -5.38205
0.413669 -5.38185
0.414445 -5.38135
0.415221 -5.38045
0.415998 -5.37915
0.416774 -5.37755
0.41755 -5.37555
0.418326 -5.37325
0.419102 -5.37055
0.419878 -5.36755
0.420655 -5.36415
0.421431 -5.36045
0.422207 -5.35635
0.422983 -5.35195
0.423759 -5.34715
0.424536 -5.34215
0.425312 -5.33675
0.426088 -5.33105
0.426864 -5.32505
0.42764 -5.31875
0.428416 -5.31215
0.429193 -5.30525
0.429969 -5.29805
0.430745 -5.29065
0.431521 -5.28295
0.432297 -5.27495
0.433073 -5.26665
0.43385 -5.25815
0.434626 -5.24945
0.435402 -5.24055
0.436178 -5.23135
0.436954 -5.22195
0.437731 -5.21225
0.438507 -5.20245
0.439283 -5.19245
0.440059 -5.18225
0.440835 -5.17195
0.441611 -5.16145
0.442388 -5.15075
0.443164 -5.13995
0.44394 -5.12895
0.444716 -5.11785
0.445492 -5.10665
0.446268 -5.09535
0.447045 -5.08395
0.447821 -5.07245
0.448597 -5.06085
0.449373 -5.04925
0.450149 -5.03755
0.450926 -5.02575
0.451702 -5.01395
0.452478 -5.00215
0.453254 -4.99035
0.45403 -4.97845
0.454806 -4.96655
0.455583 -4.95475
0.456359 -4.94295
0.457135 -4.93115
0.457911 -4.91935
0.458687 -4.90765
0.459463 -4.89595
0.46024 -4.88435
0.461016 -4.87285
0.461792 -4.86145
0.462568 -4.85005
0.463344 -4.83885
0.464121 -4.82775
0.464897 -4.81675
0.465673 -4.80595
0.466449 -4.79515
0.467225 -4.78465
0.468001 -4.77425
0.468778 -4.76405
0.469554 -4.75405
0.47033 -4.74415
0.471106 -4.73455
0.471882 -4.72505
0.472658 -4.71585
0.473435 -4.70695
0.474211 -4.69815
0.474987 -4.68965
0.475763 -4.68145
0.476539 -4.67345
0.477316 -4.66585
0.478092 -4.65845
0.478868 -4.65125
0.479644 -4.64445
0.48042 -4.63795
0.481196 -4.63185
0.481973 -4.62745
0.482749 -4.62355
0.483525 -4.62005
0.484301 -4.61705
0.485077 -4.61445
0.485854 -4.61185
0.48663 -4.60895
0.487406 -4.60485
0.488182 -4.59835
0.488958 -4.58815
0.489734 -4.57455
0.489734 -4.57455
0.490832 -4.59355
0.49193 -4.60775
0.493027 -4.61875
0.494125 -4.62855
0.495223 -4.63875
0.49632 -4.64975
0.497418 -4.66165
0.498516 -4.67435
0.499614 -4.68795
0.500711 -4.70225
0.501809 -4.71725
0.502907 -4.73275
0.504004 -4.74875
0.505102 -4.76515
0.5062 -4.78185
0.507297 -4.79895
0.508395 -4.81635
0.509493 -4.83395
0.51059 -4.85175
0.511688 -4.86975
0.512786 -4.88785
0.513883 -4.90605
0.514981 -4.92445
0.516079 -4.94295
0.517176 -4.96145
0.518274 -4.97995
0.519372 -4.99855
0.520469 -5.01715
0.521567 -5.03585
0.522665 -5.05445
0.523762 -5.07305
0.52486 -5.09155
0.525958 -5.11005
0.527056 -5.12855
0.528153 -5.14695
0.529251 -5.16525
0.530349 -5.18355
0.531446 -5.20165
0.532544 -5.21975
0.533642 -5.23765
0.534739 -5.25545
0.535837 -5.27315
0.536935 -5.29075
0.538032 -5.30815
0.53913 -5.32545
0.540228 -5.34255
0.541325 -5.35955
0.542423 -5.37635
0.543521 -5.39295
0.544618 -5.40935
0.545716 -5.42555
0.546814 -5.44155
0.547911 -5.45745
0.549009 -5.47305
0.550107 -5.48845
0.551204 -5.50355
0.552302 -5.51855
0.5534 -5.53315
0.554498 -5.54765
0.555595 -5.56185
0.556693 -5.57575
0.557791 -5.58945
0.558888 -5.60285
0.559986 -5.61595
0.561084 -5.62875
0.562181 -5.64125
0.563279 -5.65355
0.564377 -5.66545
0.565474 -5.67705
0.566572 -5.68835
0.56767 -5.69935
0.568767 -5.71005
0.569865 -5.72035
0.570963 -5.73035
0.57206 -5.73995
0.573158 -5.74925
0.574256 -5.75815
0.575353 -5.76675
0.576451 -5.77495
0.577549 -5.78275
0.578647 -5.79025
0.579744 -5.79735
0.580842 -5.80405
0.58194 -5.81035
0.583037 -5.81625
0.584135 -5.82175
0.585233 -5.82685
0.58633 -5.83165
0.587428 -5.83595
0.588526 -5.83985
0.589623 -5.84335
0.590721 -5.84645
0.591819 -5.84915
0.592916 -5.85135
0.594014 -5.85305
0.595112 -5.85335
0.596209 -5.85195
0.597307 -5.85095
0.598405 -5.85045
