# Highlighted blue band in the paper figure
# Band 69; original plotting-script index j = 68
# Energy column is E - E_F in eV; Fermi level is at 0 eV.
# Columns: k_distance  energy_minus_EF_eV
0 -0.065346
0.000776178 -0.065646
0.00155235 -0.066746
0.00232853 -0.068546
0.00310471 -0.071046
0.00388089 -0.074246
0.00465706 -0.078146
0.00543324 -0.082746
0.00620942 -0.087946
0.0069856 -0.093846
0.00776177 -0.100246
0.00853795 -0.107346
0.00931413 -0.114946
0.0100903 -0.123046
0.0108665 -0.131646
0.0116427 -0.140746
0.0124188 -0.150246
0.013195 -0.160146
0.0139712 -0.170446
0.0147474 -0.181046
0.0155235 -0.191946
0.0162997 -0.203046
0.0170759 -0.214346
0.0178521 -0.225846
0.0186283 -0.237546
0.0194044 -0.249246
0.0201806 -0.261046
0.0209568 -0.272846
0.021733 -0.284646
0.0225091 -0.296346
0.0232853 -0.308046
0.0240615 -0.319546
0.0248377 -0.330946
0.0256138 -0.342046
0.02639 -0.353046
0.0271662 -0.363746
0.0279424 -0.374246
0.0287186 -0.384446
0.0294947 -0.394346
0.0302709 -0.403946
0.0310471 -0.413246
0.0318233 -0.422246
0.0325994 -0.430946
0.0333756 -0.439446
0.0341518 -0.447646
0.034928 -0.455546
0.0357042 -0.463246
0.0364803 -0.470746
0.0372565 -0.478146
0.0380327 -0.485346
0.0388089 -0.492346
0.039585 -0.499246
0.0403612 -0.505946
0.0411374 -0.512546
0.0419136 -0.518846
0.0426897 -0.524846
0.0434659 -0.530646
0.0442421 -0.535946
0.0450183 -0.540846
0.0457945 -0.545146
0.0465706 -0.549046
0.0473468 -0.552246
0.048123 -0.555046
0.0488992 -0.557246
0.0496753 -0.558846
0.0504515 -0.560046
0.0512277 -0.560846
0.0520039 -0.561346
0.0527801 -0.561446
0.0535562 -0.561246
0.0543324 -0.560746
0.0551086 -0.560046
0.0558848 -0.559246
0.0566609 -0.558246
0.0574371 -0.557046
0.0582133 -0.555846
0.0589895 -0.554446
0.0597656 -0.553046
0.0605418 -0.551646
0.061318 -0.550046
0.0620942 -0.548546
0.0628704 -0.546946
0.0636465 -0.545446
0.0644227 -0.543846
0.0651989 -0.542346
0.0659751 -0.540846
0.0667512 -0.539446
0.0675274 -0.538046
0.0683036 -0.536746
0.0690798 -0.535446
0.069856 -0.534246
0.0706321 -0.533146
0.0714083 -0.532246
0.0721845 -0.531346
0.0729607 -0.530546
0.0737368 -0.529946
0.074513 -0.529446
0.0752892 -0.529146
0.0760654 -0.528846
0.0768415 -0.528846
0.0768415 -0.528846
0.0776177 -0.528646
0.0783939 -0.528346
0.0791701 -0.527746
0.0799463 -0.526846
0.0807224 -0.525846
0.0814986 -0.524546
0.0822748 -0.522946
0.083051 -0.521246
0.0838271 -0.519346
0.0846033 -0.517146
0.0853795 -0.514846
0.0861557 -0.512446
0.0869319 -0.509846
0.087708 -0.507146
0.0884842 -0.504446
0.0892604 -0.501646
0.0900366 -0.498846
0.0908127 -0.496146
0.0915889 -0.493646
0.0923651 -0.491346
0.0931413 -0.489346
0.0939174 -0.487846
0.0946936 -0.486946
0.0954698 -0.486746
0.096246 -0.487646
0.0970222 -0.489846
0.0977983 -0.493646
0.0985745 -0.499246
0.0993507 -0.506946
0.100127 -0.516946
0.100903 -0.529146
0.101679 -0.543446
0.102455 -0.559646
0.103232 -0.577246
0.104008 -0.596146
0.104784 -0.615846
0.10556 -0.636246
0.106336 -0.656946
0.107112 -0.677846
0.107889 -0.698846
0.108665 -0.719746
0.109441 -0.740346
0.110217 -0.760646
0.110993 -0.780446
0.11177 -0.799646
0.112546 -0.817946
0.113322 -0.835246
0.114098 -0.851346
0.114874 -0.865946
0.11565 -0.879046
0.116427 -0.890646
0.117203 -0.900846
0.117979 -0.909946
0.118755 -0.918146
0.119531 -0.925546
0.120307 -0.932546
0.121084 -0.939046
0.12186 -0.945446
0.122636 -0.951546
0.123412 -0.957646
0.124188 -0.963646
0.124965 -0.969646
0.125741 -0.975646
0.126517 -0.981646
0.127293 -0.987746
0.128069 -0.993846
0.128845 -1.00005
0.129622 -1.00625
0.130398 -1.01255
0.131174 -1.01895
0.13195 -1.02545
0.132726 -1.03195
0.133502 -1.03855
0.134279 -1.04515
0.135055 -1.05175
0.135831 -1.05845
0.136607 -1.06515
0.137383 -1.07175
0.13816 -1.07845
0.138936 -1.08505
0.139712 -1.09165
0.140488 -1.09805
0.141264 -1.10435
0.14204 -1.11055
0.142817 -1.11665
0.143593 -1.12245
0.144369 -1.12805
0.145145 -1.13335
0.145921 -1.13835
0.146697 -1.14305
0.147474 -1.14735
0.14825 -1.15125
0.149026 -1.15465
0.149802 -1.15765
0.150578 -1.16015
0.151355 -1.16205
0.152131 -1.16345
0.152907 -1.16435
0.153683 -1.16455
0.153683 -1.16455
0.154781 -1.16405
0.155878 -1.16235
0.156976 -1.15955
0.158074 -1.15555
0.159171 -1.15055
0.160269 -1.14445
0.161367 -1.13725
0.162465 -1.12905
0.163562 -1.11985
0.16466 -1.10975
0.165758 -1.09865
0.166855 -1.08655
0.167953 -1.07355
0.169051 -1.05965
0.170148 -1.04485
0.171246 -1.02915
0.172344 -1.01265
0.173441 -0.995146
0.174539 -0.976846
0.175637 -0.957746
0.176734 -0.937746
0.177832 -0.916946
0.17893 -0.895546
0.180027 -0.873346
0.181125 -0.850546
0.182223 -0.827346
0.18332 -0.803746
0.184418 -0.779846
0.185516 -0.755846
0.186614 -0.731946
0.187711 -0.708346
0.188809 -0.685246
0.189907 -0.662946
0.191004 -0.641546
0.192102 -0.621446
0.1932 -0.602846
0.194297 -0.585946
0.195395 -0.571046
0.196493 -0.558246
0.19759 -0.547546
0.198688 -0.538946
0.199786 -0.532346
0.200883 -0.527746
0.201981 -0.524846
0.203079 -0.523546
0.204176 -0.523546
0.205274 -0.524846
0.206372 -0.527046
0.207469 -0.530246
0.208567 -0.534146
0.209665 -0.538746
0.210762 -0.543946
0.21186 -0.549646
0.212958 -0.555746
0.214056 -0.562246
0.215153 -0.569146
0.216251 -0.576246
0.217349 -0.583646
0.218446 -0.591246
0.219544 -0.599046
0.220642 -0.606946
0.221739 -0.615046
0.222837 -0.623246
0.223935 -0.631446
0.225032 -0.639546
0.22613 -0.647546
0.227228 -0.654746
0.228325 -0.657946
0.229423 -0.640146
0.230521 -0.609346
0.231618 -0.577146
0.232716 -0.545146
0.233814 -0.513646
0.234911 -0.482746
0.236009 -0.452646
0.237107 -0.423346
0.238204 -0.394846
0.239302 -0.367346
0.2404 -0.340746
0.241498 -0.315146
0.242595 -0.290646
0.243693 -0.267246
0.244791 -0.244946
0.245888 -0.223746
0.246986 -0.203846
0.248084 -0.185146
0.249181 -0.167746
0.250279 -0.151646
0.251377 -0.136846
0.252474 -0.123346
0.253572 -0.111246
0.25467 -0.100546
0.255767 -0.091246
0.256865 -0.083346
0.257963 -0.076846
0.25906 -0.071846
0.260158 -0.068246
0.261256 -0.066046
0.262353 -0.065346
0.262353 -0.065346
0.263098 -0.065446
0.263842 -0.065846
0.264587 -0.066446
0.265331 -0.067346
0.266076 -0.068546
0.26682 -0.069946
0.267564 -0.071646
0.268309 -0.073546
0.269053 -0.075746
0.269798 -0.078146
0.270542 -0.080846
0.271287 -0.083746
0.272031 -0.086946
0.272775 -0.090346
0.27352 -0.093946
0.274264 -0.097846
0.275009 -0.101946
0.275753 -0.106346
0.276497 -0.110946
0.277242 -0.115746
0.277986 -0.120746
0.278731 -0.125946
0.279475 -0.131446
0.28022 -0.137046
0.280964 -0.142946
0.281708 -0.149046
0.282453 -0.155346
0.283197 -0.161746
0.283942 -0.168446
0.284686 -0.175346
0.285431 -0.182346
0.286175 -0.189546
0.286919 -0.196946
0.287664 -0.204546
0.288408 -0.212346
0.289153 -0.220246
0.289897 -0.228346
0.290642 -0.236546
0.291386 -0.244946
0.29213 -0.253546
0.292875 -0.262246
0.293619 -0.271046
0.294364 -0.280046
0.295108 -0.289246
0.295852 -0.298546
0.296597 -0.307946
0.297341 -0.317446
0.298086 -0.327146
0.29883 -0.336946
0.299575 -0.346946
0.300319 -0.357046
0.301063 -0.367146
0.301808 -0.377546
0.302552 -0.387946
0.303297 -0.398446
0.304041 -0.393046
0.304786 -0.380446
0.30553 -0.367646
0.306274 -0.354746
0.307019 -0.341646
0.307763 -0.328346
0.308508 -0.314846
0.309252 -0.301246
0.309997 -0.287446
0.310741 -0.273446
0.311485 -0.259346
0.31223 -0.245046
0.312974 -0.230546
0.313719 -0.215946
0.314463 -0.201146
0.315207 -0.186146
0.315952 -0.171046
0.316696 -0.155746
0.317441 -0.140346
0.318185 -0.124746
0.31893 -0.108946
0.319674 -0.093046
0.320418 -0.077046
0.321163 -0.060846
0.321907 -0.044546
0.322652 -0.028046
0.323396 -0.011546
0.324141 0.00525398
0.324885 0.022054
0.325629 0.039054
0.326374 0.056054
0.327118 0.073254
0.327863 0.090554
0.328607 0.107954
0.329351 0.125454
0.330096 0.142954
0.33084 0.160554
0.331585 0.178254
0.332329 0.195954
0.333074 0.213754
0.333818 0.231554
0.334562 0.249454
0.335307 0.267254
0.336051 0.285054
0.336051 0.285054
0.336827 0.284454
0.337604 0.283854
0.33838 0.283154
0.339156 0.282454
0.339932 0.281654
0.340708 0.280854
0.341485 0.279954
0.342261 0.278954
0.343037 0.277954
0.343813 0.276954
0.344589 0.275854
0.345365 0.274654
0.346142 0.273454
0.346918 0.272254
0.347694 0.270854
0.34847 0.269554
0.349246 0.268054
0.350022 0.266554
0.350799 0.264954
0.351575 0.263354
0.352351 0.261554
0.353127 0.259754
0.353903 0.257954
0.35468 0.255954
0.355456 0.253854
0.356232 0.251754
0.357008 0.249554
0.357784 0.247254
0.35856 0.244754
0.359337 0.242254
0.360113 0.239654
0.360889 0.236954
0.361665 0.234154
0.362441 0.231254
0.363218 0.228154
0.363994 0.225054
0.36477 0.221854
0.365546 0.217954
0.366322 0.212854
0.367098 0.207554
0.367875 0.202154
0.368651 0.196654
0.369427 0.190954
0.370203 0.185254
0.370979 0.179354
0.371755 0.173454
0.372532 0.167554
0.373308 0.161554
0.374084 0.155554
0.37486 0.149554
0.375636 0.143554
0.376413 0.137554
0.377189 0.131754
0.377965 0.125954
0.378741 0.120354
0.379517 0.114854
0.380293 0.109454
0.38107 0.104354
0.381846 0.099454
0.382622 0.094854
0.383398 0.090454
0.384174 0.086454
0.38495 0.082754
0.385727 0.079454
0.386503 0.076554
0.387279 0.074154
0.388055 0.072154
0.388831 0.070654
0.389608 0.069754
0.390384 0.069354
0.39116 0.069554
0.391936 0.070454
0.392712 0.071854
0.393488 0.073954
0.394265 0.076754
0.395041 0.080154
0.395817 0.084254
0.396593 0.088954
0.397369 0.094354
0.398145 0.100354
0.398922 0.107054
0.399698 0.114354
0.400474 0.122254
0.40125 0.130654
0.402026 0.139654
0.402803 0.149054
0.403579 0.158954
0.404355 0.169254
0.405131 0.179854
0.405907 0.190754
0.406683 0.201854
0.40746 0.212954
0.408236 0.224154
0.409012 0.235054
0.409788 0.245654
0.410564 0.255454
0.41134 0.264154
0.412117 0.271054
0.412893 0.275254
0.412893 0.275254
0.413669 0.270954
0.414445 0.266854
0.415221 0.262954
0.415998 0.259254
0.416774 0.255854
0.41755 0.252554
0.418326 0.249354
0.419102 0.246254
0.419878 0.243254
0.420655 0.240254
0.421431 0.237154
0.422207 0.234054
0.422983 0.230754
0.423759 0.227354
0.424536 0.223754
0.425312 0.219954
0.426088 0.216054
0.426864 0.211854
0.42764 0.207454
0.428416 0.202854
0.429193 0.198054
0.429969 0.192954
0.430745 0.187654
0.431521 0.182154
0.432297 0.176554
0.433073 0.170654
0.43385 0.164554
0.434626 0.158354
0.435402 0.151854
0.436178 0.145254
0.436954 0.138554
0.437731 0.131654
0.438507 0.124554
0.439283 0.117354
0.440059 0.110054
0.440835 0.102554
0.441611 0.094954
0.442388 0.087254
0.443164 0.079454
0.44394 0.071454
0.444716 0.063454
0.445492 0.055354
0.446268 0.047054
0.447045 0.038754
0.447821 0.030454
0.448597 0.021954
0.449373 0.013454
0.450149 0.00485398
0.450926 -0.00374602
0.451702 -0.012446
0.452478 -0.021146
0.453254 -0.029846
0.45403 -0.038646
0.454806 -0.047346
0.455583 -0.056146
0.456359 -0.064846
0.457135 -0.073646
0.457911 -0.082346
0.458687 -0.091046
0.459463 -0.099746
0.46024 -0.108346
0.461016 -0.116846
0.461792 -0.125346
0.462568 -0.133746
0.463344 -0.142146
0.464121 -0.150346
0.464897 -0.158446
0.465673 -0.166446
0.466449 -0.174346
0.467225 -0.182046
0.468001 -0.189646
0.468778 -0.197146
0.469554 -0.204346
0.47033 -0.211446
0.471106 -0.218346
0.471882 -0.225046
0.472658 -0.231546
0.473435 -0.237846
0.474211 -0.243846
0.474987 -0.249646
0.475763 -0.255246
0.476539 -0.260446
0.477316 -0.265546
0.478092 -0.270246
0.478868 -0.274646
0.479644 -0.278846
0.48042 -0.282646
0.481196 -0.286146
0.481973 -0.289346
0.482749 -0.292246
0.483525 -0.294746
0.484301 -0.296946
0.485077 -0.298746
0.485854 -0.300246
0.48663 -0.301346
0.487406 -0.302146
0.488182 -0.302546
0.488958 -0.302546
0.489734 -0.302246
0.489734 -0.302246
0.490832 -0.302646
0.49193 -0.302246
0.493027 -0.301146
0.494125 -0.299346
0.495223 -0.296846
0.49632 -0.293746
0.497418 -0.289846
0.498516 -0.285446
0.499614 -0.280446
0.500711 -0.274846
0.501809 -0.268646
0.502907 -0.262046
0.504004 -0.254846
0.505102 -0.247246
0.5062 -0.239246
0.507297 -0.230946
0.508395 -0.222246
0.509493 -0.213246
0.51059 -0.203946
0.511688 -0.194546
0.512786 -0.184946
0.513883 -0.175146
0.514981 -0.165346
0.516079 -0.155446
0.517176 -0.145646
0.518274 -0.135846
0.519372 -0.126146
0.520469 -0.116646
0.521567 -0.107346
0.522665 -0.098346
0.523762 -0.089646
0.52486 -0.081246
0.525958 -0.073246
0.527056 -0.065746
0.528153 -0.058646
0.529251 -0.052146
0.530349 -0.046046
0.531446 -0.040546
0.532544 -0.035546
0.533642 -0.030946
0.534739 -0.026846
0.535837 -0.023146
0.536935 -0.019746
0.538032 -0.016446
0.53913 -0.013346
0.540228 -0.010246
0.541325 -0.00694602
0.542423 -0.00334602
0.543521 0.00055398
0.544618 0.00495398
0.545716 0.00985398
0.546814 0.015454
0.547911 0.021654
0.549009 0.028554
0.550107 0.036154
0.551204 0.044354
0.552302 0.053154
0.5534 0.062554
0.554498 0.072454
0.555595 0.082654
0.556693 0.093254
0.557791 0.104054
0.558888 0.115054
0.559986 0.126054
0.561084 0.137054
0.562181 0.147954
0.563279 0.158654
0.564377 0.169154
0.565474 0.179254
0.566572 0.189054
0.56767 0.198454
0.568767 0.205454
0.569865 0.211654
0.570963 0.217454
0.57206 0.222954
0.573158 0.228154
0.574256 0.233054
0.575353 0.237654
0.576451 0.241954
0.577549 0.245954
0.578647 0.249754
0.579744 0.253254
0.580842 0.256454
0.58194 0.259554
0.583037 0.262354
0.584135 0.264954
0.585233 0.267354
0.58633 0.269554
0.587428 0.271654
0.588526 0.273554
0.589623 0.275254
0.590721 0.276954
0.591819 0.278454
0.592916 0.279854
0.594014 0.281054
0.595112 0.282254
0.596209 0.283254
0.597307 0.284254
0.598405 0.285054
