# Band 42 from P4mcc-bands-soc.dat
# Original plotting-script index j = 41
# Energy column is E - E_F in eV; Fermi level is therefore at 0 eV in these files.
# Columns: k_distance  energy_minus_EF_eV
0 -4.53575
0.000776178 -4.53525
0.00155235 -4.53375
0.00232853 -4.53135
0.00310471 -4.52835
0.00388089 -4.52465
0.00465706 -4.52045
0.00543324 -4.51585
0.00620942 -4.51095
0.0069856 -4.50585
0.00776177 -4.50045
0.00853795 -4.49485
0.00931413 -4.48915
0.0100903 -4.48345
0.0108665 -4.47755
0.0116427 -4.47175
0.0124188 -4.46575
0.013195 -4.45975
0.0139712 -4.45375
0.0147474 -4.44765
0.0155235 -4.44145
0.0162997 -4.43515
0.0170759 -4.42875
0.0178521 -4.42225
0.0186283 -4.41555
0.0194044 -4.40875
0.0201806 -4.40185
0.0209568 -4.39475
0.021733 -4.38745
0.0225091 -4.38015
0.0232853 -4.37285
0.0240615 -4.36545
0.0248377 -4.35825
0.0256138 -4.35125
0.02639 -4.34455
0.0271662 -4.33855
0.0279424 -4.33365
0.0287186 -4.33095
0.0294947 -4.33195
0.0302709 -4.33775
0.0310471 -4.34705
0.0318233 -4.35815
0.0325994 -4.36995
0.0333756 -4.38185
0.0341518 -4.39365
0.034928 -4.40495
0.0357042 -4.41555
0.0364803 -4.42535
0.0372565 -4.43415
0.0380327 -4.44185
0.0388089 -4.44855
0.039585 -4.45415
0.0403612 -4.45885
0.0411374 -4.46275
0.0419136 -4.46615
0.0426897 -4.46905
0.0434659 -4.47145
0.0442421 -4.47365
0.0450183 -4.47545
0.0457945 -4.47685
0.0465706 -4.47785
0.0473468 -4.47845
0.048123 -4.47855
0.0488992 -4.47805
0.0496753 -4.47685
0.0504515 -4.47485
0.0512277 -4.47195
0.0520039 -4.46815
0.0527801 -4.46325
0.0535562 -4.45715
0.0543324 -4.45005
0.0551086 -4.44185
0.0558848 -4.43255
0.0566609 -4.42225
0.0574371 -4.41095
0.0582133 -4.39875
0.0589895 -4.38575
0.0597656 -4.37205
0.0605418 -4.35765
0.061318 -4.34265
0.0620942 -4.32705
0.0628704 -4.31115
0.0636465 -4.29485
0.0644227 -4.27825
0.0651989 -4.26155
0.0659751 -4.24485
0.0667512 -4.22855
0.0675274 -4.21345
0.0683036 -4.20455
0.0690798 -4.20165
0.069856 -4.20005
0.0706321 -4.19885
0.0714083 -4.19775
0.0721845 -4.19695
0.0729607 -4.19615
0.0737368 -4.19555
0.074513 -4.19515
0.0752892 -4.19485
0.0760654 -4.19465
0.0768415 -4.19455
0.0768415 -4.19455
0.0776177 -4.19545
0.0783939 -4.19805
0.0791701 -4.20205
0.0799463 -4.20725
0.0807224 -4.21315
0.0814986 -4.21955
0.0822748 -4.22635
0.083051 -4.23335
0.0838271 -4.24035
0.0846033 -4.24735
0.0853795 -4.25435
0.0861557 -4.26125
0.0869319 -4.26805
0.087708 -4.27465
0.0884842 -4.28115
0.0892604 -4.28745
0.0900366 -4.29355
0.0908127 -4.29945
0.0915889 -4.30515
0.0923651 -4.31075
0.0931413 -4.31615
0.0939174 -4.32135
0.0946936 -4.32635
0.0954698 -4.33115
0.096246 -4.33575
0.0970222 -4.34025
0.0977983 -4.34455
0.0985745 -4.34865
0.0993507 -4.35265
0.100127 -4.35645
0.100903 -4.36015
0.101679 -4.36365
0.102455 -4.36705
0.103232 -4.37025
0.104008 -4.37335
0.104784 -4.37635
0.10556 -4.37925
0.106336 -4.38195
0.107112 -4.38465
0.107889 -4.38715
0.108665 -4.38955
0.109441 -4.39195
0.110217 -4.39415
0.110993 -4.39635
0.11177 -4.39845
0.112546 -4.40045
0.113322 -4.40245
0.114098 -4.40425
0.114874 -4.40615
0.11565 -4.40785
0.116427 -4.40955
0.117203 -4.41125
0.117979 -4.41285
0.118755 -4.41445
0.119531 -4.41605
0.120307 -4.41755
0.121084 -4.41905
0.12186 -4.42055
0.122636 -4.42205
0.123412 -4.42355
0.124188 -4.42505
0.124965 -4.42665
0.125741 -4.42815
0.126517 -4.42975
0.127293 -4.43155
0.128069 -4.43335
0.128845 -4.43535
0.129622 -4.43755
0.130398 -4.44025
0.131174 -4.44335
0.13195 -4.44715
0.132726 -4.45145
0.133502 -4.45595
0.134279 -4.46005
0.135055 -4.46295
0.135831 -4.46415
0.136607 -4.46305
0.137383 -4.45945
0.13816 -4.45355
0.138936 -4.44825
0.139712 -4.44835
0.140488 -4.44995
0.141264 -4.45195
0.14204 -4.45395
0.142817 -4.45615
0.143593 -4.45845
0.144369 -4.46095
0.145145 -4.46345
0.145921 -4.46605
0.146697 -4.46875
0.147474 -4.47145
0.14825 -4.47415
0.149026 -4.47665
0.149802 -4.47905
0.150578 -4.48115
0.151355 -4.48285
0.152131 -4.48415
0.152907 -4.48495
0.153683 -4.48525
0.153683 -4.48525
0.154781 -4.48465
0.155878 -4.48315
0.156976 -4.48055
0.158074 -4.47715
0.159171 -4.47305
0.160269 -4.46885
0.161367 -4.46485
0.162465 -4.46135
0.163562 -4.45865
0.16466 -4.45655
0.165758 -4.45485
0.166855 -4.45345
0.167953 -4.45205
0.169051 -4.45055
0.170148 -4.44885
0.171246 -4.44695
0.172344 -4.44465
0.173441 -4.44215
0.174539 -4.43925
0.175637 -4.43595
0.176734 -4.43225
0.177832 -4.42815
0.17893 -4.42355
0.180027 -4.41845
0.181125 -4.41285
0.182223 -4.40675
0.18332 -4.40025
0.184418 -4.39325
0.185516 -4.38595
0.186614 -4.37845
0.187711 -4.37075
0.188809 -4.36325
0.189907 -4.35585
0.191004 -4.34895
0.192102 -4.34255
0.1932 -4.33685
0.194297 -4.33215
0.195395 -4.32835
0.196493 -4.32565
0.19759 -4.32405
0.198688 -4.32345
0.199786 -4.32395
0.200883 -4.32525
0.201981 -4.32745
0.203079 -4.33025
0.204176 -4.33355
0.205274 -4.33735
0.206372 -4.34135
0.207469 -4.34555
0.208567 -4.34985
0.209665 -4.35395
0.210762 -4.35785
0.21186 -4.36145
0.212958 -4.36465
0.214056 -4.36725
0.215153 -4.36915
0.216251 -4.37045
0.217349 -4.37085
0.218446 -4.37045
0.219544 -4.36935
0.220642 -4.36755
0.221739 -4.36525
0.222837 -4.36265
0.223935 -4.35975
0.225032 -4.35705
0.22613 -4.35455
0.227228 -4.35255
0.228325 -4.35125
0.229423 -4.35075
0.230521 -4.35115
0.231618 -4.35235
0.232716 -4.35445
0.233814 -4.35745
0.234911 -4.36115
0.236009 -4.36555
0.237107 -4.37065
0.238204 -4.37635
0.239302 -4.38265
0.2404 -4.38935
0.241498 -4.39655
0.242595 -4.40415
0.243693 -4.41215
0.244791 -4.42055
0.245888 -4.42915
0.246986 -4.43805
0.248084 -4.44705
0.249181 -4.45615
0.250279 -4.46535
0.251377 -4.47445
0.252474 -4.48345
0.253572 -4.49215
0.25467 -4.50045
0.255767 -4.50825
0.256865 -4.51555
0.257963 -4.52195
0.25906 -4.52755
0.260158 -4.53185
0.261256 -4.53475
0.262353 -4.53575
0.262353 -4.53575
0.263098 -4.53595
0.263842 -4.53645
0.264587 -4.53745
0.265331 -4.53875
0.266076 -4.54035
0.26682 -4.54235
0.267564 -4.54465
0.268309 -4.54715
0.269053 -4.54965
0.269798 -4.55155
0.270542 -4.55225
0.271287 -4.55205
0.272031 -4.55135
0.272775 -4.55045
0.27352 -4.54945
0.274264 -4.54825
0.275009 -4.54695
0.275753 -4.54555
0.276497 -4.54405
0.277242 -4.54245
0.277986 -4.54085
0.278731 -4.53905
0.279475 -4.53725
0.28022 -4.53535
0.280964 -4.53335
0.281708 -4.53125
0.282453 -4.52915
0.283197 -4.52685
0.283942 -4.52455
0.284686 -4.52215
0.285431 -4.51975
0.286175 -4.51715
0.286919 -4.51455
0.287664 -4.51185
0.288408 -4.50915
0.289153 -4.50625
0.289897 -4.50335
0.290642 -4.50045
0.291386 -4.49735
0.29213 -4.49425
0.292875 -4.49105
0.293619 -4.48775
0.294364 -4.48445
0.295108 -4.48105
0.295852 -4.47755
0.296597 -4.47405
0.297341 -4.47045
0.298086 -4.46685
0.29883 -4.46305
0.299575 -4.45935
0.300319 -4.45545
0.301063 -4.45155
0.301808 -4.44755
0.302552 -4.44355
0.303297 -4.43945
0.304041 -4.43535
0.304786 -4.43115
0.30553 -4.42685
0.306274 -4.42255
0.307019 -4.41825
0.307763 -4.41385
0.308508 -4.40935
0.309252 -4.40485
0.309997 -4.40035
0.310741 -4.39575
0.311485 -4.39105
0.31223 -4.38645
0.312974 -4.38175
0.313719 -4.37695
0.314463 -4.37225
0.315207 -4.36745
0.315952 -4.36255
0.316696 -4.35775
0.317441 -4.35285
0.318185 -4.34805
0.31893 -4.34315
0.319674 -4.33835
0.320418 -4.33345
0.321163 -4.32875
0.321907 -4.32845
0.322652 -4.33505
0.323396 -4.34165
0.324141 -4.34815
0.324885 -4.35475
0.325629 -4.36135
0.326374 -4.36785
0.327118 -4.37435
0.327863 -4.38085
0.328607 -4.38745
0.329351 -4.39385
0.330096 -4.40035
0.33084 -4.40685
0.331585 -4.41325
0.332329 -4.41965
0.333074 -4.42615
0.333818 -4.43245
0.334562 -4.43885
0.335307 -4.44795
0.336051 -4.45155
0.336051 -4.45155
0.336827 -4.45215
0.337604 -4.45245
0.33838 -4.45245
0.339156 -4.45225
0.339932 -4.45195
0.340708 -4.45155
0.341485 -4.45115
0.342261 -4.45065
0.343037 -4.45005
0.343813 -4.44945
0.344589 -4.44875
0.345365 -4.44795
0.346142 -4.44695
0.346918 -4.44585
0.347694 -4.44455
0.34847 -4.44305
0.349246 -4.44125
0.350022 -4.43935
0.350799 -4.43725
0.351575 -4.43495
0.352351 -4.43245
0.353127 -4.42995
0.353903 -4.42725
0.35468 -4.42445
0.355456 -4.42155
0.356232 -4.41855
0.357008 -4.41545
0.357784 -4.41225
0.35856 -4.40895
0.359337 -4.40555
0.360113 -4.40215
0.360889 -4.39865
0.361665 -4.39505
0.362441 -4.39145
0.363218 -4.38765
0.363994 -4.38385
0.36477 -4.38005
0.365546 -4.37605
0.366322 -4.37205
0.367098 -4.36795
0.367875 -4.36385
0.368651 -4.35965
0.369427 -4.35535
0.370203 -4.35105
0.370979 -4.34675
0.371755 -4.34225
0.372532 -4.33775
0.373308 -4.33325
0.374084 -4.32865
0.37486 -4.32405
0.375636 -4.31935
0.376413 -4.31465
0.377189 -4.30985
0.377965 -4.30515
0.378741 -4.30025
0.379517 -4.29545
0.380293 -4.29055
0.38107 -4.28565
0.381846 -4.28075
0.382622 -4.27585
0.383398 -4.27095
0.384174 -4.26605
0.38495 -4.26115
0.385727 -4.25615
0.386503 -4.25125
0.387279 -4.24645
0.388055 -4.24155
0.388831 -4.23675
0.389608 -4.23195
0.390384 -4.22725
0.39116 -4.22255
0.391936 -4.21795
0.392712 -4.21345
0.393488 -4.20895
0.394265 -4.20455
0.395041 -4.20035
0.395817 -4.19615
0.396593 -4.19215
0.397369 -4.18825
0.398145 -4.18445
0.398922 -4.18085
0.399698 -4.17745
0.400474 -4.17425
0.40125 -4.17125
0.402026 -4.16845
0.402803 -4.16635
0.403579 -4.16585
0.404355 -4.16555
0.405131 -4.16545
0.405907 -4.16545
0.406683 -4.16545
0.40746 -4.16555
0.408236 -4.16545
0.409012 -4.16525
0.409788 -4.16485
0.410564 -4.16405
0.41134 -4.16315
0.412117 -4.16195
0.412893 -4.16075
0.412893 -4.16075
0.413669 -4.16205
0.414445 -4.16315
0.415221 -4.16395
0.415998 -4.16435
0.416774 -4.16455
0.41755 -4.16435
0.418326 -4.16395
0.419102 -4.16315
0.419878 -4.16205
0.420655 -4.16065
0.421431 -4.15885
0.422207 -4.15685
0.422983 -4.15455
0.423759 -4.15205
0.424536 -4.14915
0.425312 -4.14615
0.426088 -4.14275
0.426864 -4.13915
0.42764 -4.13545
0.428416 -4.13145
0.429193 -4.12715
0.429969 -4.12275
0.430745 -4.11815
0.431521 -4.11345
0.432297 -4.10845
0.433073 -4.10345
0.43385 -4.09815
0.434626 -4.09275
0.435402 -4.08725
0.436178 -4.08155
0.436954 -4.07585
0.437731 -4.06995
0.438507 -4.06395
0.439283 -4.05775
0.440059 -4.05165
0.440835 -4.04535
0.441611 -4.03895
0.442388 -4.03255
0.443164 -4.02605
0.44394 -4.01955
0.444716 -4.01305
0.445492 -4.00645
0.446268 -3.99985
0.447045 -3.99325
0.447821 -3.98665
0.448597 -3.98015
0.449373 -3.97365
0.450149 -3.96725
0.450926 -3.96095
0.451702 -3.95485
0.452478 -3.94875
0.453254 -3.94295
0.45403 -3.93735
0.454806 -3.93195
0.455583 -3.92685
0.456359 -3.92215
0.457135 -3.91785
0.457911 -3.91405
0.458687 -3.91065
0.459463 -3.90795
0.46024 -3.90595
0.461016 -3.90465
0.461792 -3.90425
0.462568 -3.90475
0.463344 -3.90635
0.464121 -3.90895
0.464897 -3.91265
0.465673 -3.91765
0.466449 -3.92375
0.467225 -3.93115
0.468001 -3.93975
0.468778 -3.94955
0.469554 -3.96045
0.47033 -3.97235
0.471106 -3.98535
0.471882 -3.99915
0.472658 -4.01365
0.473435 -4.02885
0.474211 -4.04455
0.474987 -4.06065
0.475763 -4.07695
0.476539 -4.09335
0.477316 -4.10965
0.478092 -4.12675
0.478868 -4.14525
0.479644 -4.16275
0.48042 -4.17915
0.481196 -4.19405
0.481973 -4.20745
0.482749 -4.21895
0.483525 -4.22885
0.484301 -4.23695
0.485077 -4.24355
0.485854 -4.24865
0.48663 -4.25255
0.487406 -4.25525
0.488182 -4.25685
0.488958 -4.25755
0.489734 -4.25725
0.489734 -4.25725
0.490832 -4.25745
0.49193 -4.25585
0.493027 -4.25295
0.494125 -4.24865
0.495223 -4.24325
0.49632 -4.23705
0.497418 -4.22995
0.498516 -4.22205
0.499614 -4.21335
0.500711 -4.20355
0.501809 -4.19245
0.502907 -4.17945
0.504004 -4.16415
0.505102 -4.14635
0.5062 -4.12655
0.507297 -4.10535
0.508395 -4.08355
0.509493 -4.06195
0.51059 -4.04085
0.511688 -4.02075
0.512786 -4.00195
0.513883 -3.98495
0.514981 -3.96985
0.516079 -3.95705
0.517176 -3.94665
0.518274 -3.93875
0.519372 -3.93345
0.520469 -3.93055
0.521567 -3.93915
0.522665 -3.94865
0.523762 -3.95885
0.52486 -3.96955
0.525958 -3.98075
0.527056 -3.99225
0.528153 -4.00395
0.529251 -4.01585
0.530349 -4.02785
0.531446 -4.03995
0.532544 -4.05215
0.533642 -4.06425
0.534739 -4.07635
0.535837 -4.08835
0.536935 -4.10035
0.538032 -4.11205
0.53913 -4.12375
0.540228 -4.13515
0.541325 -4.14635
0.542423 -4.15735
0.543521 -4.16795
0.544618 -4.17835
0.545716 -4.18825
0.546814 -4.19785
0.547911 -4.20695
0.549009 -4.21565
0.550107 -4.22395
0.551204 -4.23185
0.552302 -4.23935
0.5534 -4.24655
0.554498 -4.25345
0.555595 -4.26015
0.556693 -4.26665
0.557791 -4.27305
0.558888 -4.27935
0.559986 -4.28555
0.561084 -4.29165
0.562181 -4.29785
0.563279 -4.30395
0.564377 -4.31005
0.565474 -4.31615
0.566572 -4.32225
0.56767 -4.32835
0.568767 -4.33445
0.569865 -4.34055
0.570963 -4.34665
0.57206 -4.35275
0.573158 -4.35885
0.574256 -4.36495
0.575353 -4.37095
0.576451 -4.37685
0.577549 -4.38275
0.578647 -4.38865
0.579744 -4.39435
0.580842 -4.39995
0.58194 -4.40545
0.583037 -4.41075
0.584135 -4.41585
0.585233 -4.42085
0.58633 -4.42555
0.587428 -4.43005
0.588526 -4.43425
0.589623 -4.43815
0.590721 -4.44175
0.591819 -4.44485
0.592916 -4.44755
0.594014 -4.44975
0.595112 -4.45125
0.596209 -4.45215
0.597307 -4.45225
0.598405 -4.45155
