# Band 37 from P4mcc-bands-soc.dat
# Original plotting-script index j = 36
# Energy column is E - E_F in eV; Fermi level is therefore at 0 eV in these files.
# Columns: k_distance  energy_minus_EF_eV
0 -4.83245
0.000776178 -4.83135
0.00155235 -4.82825
0.00232853 -4.82365
0.00310471 -4.81815
0.00388089 -4.81215
0.00465706 -4.80575
0.00543324 -4.79925
0.00620942 -4.79255
0.0069856 -4.78595
0.00776177 -4.77925
0.00853795 -4.77265
0.00931413 -4.76605
0.0100903 -4.75965
0.0108665 -4.75325
0.0116427 -4.74715
0.0124188 -4.74125
0.013195 -4.73565
0.0139712 -4.73035
0.0147474 -4.72555
0.0155235 -4.72125
0.0162997 -4.71755
0.0170759 -4.71435
0.0178521 -4.71185
0.0186283 -4.71005
0.0194044 -4.70885
0.0201806 -4.70835
0.0209568 -4.70835
0.021733 -4.70885
0.0225091 -4.70985
0.0232853 -4.71125
0.0240615 -4.71285
0.0248377 -4.71485
0.0256138 -4.71705
0.02639 -4.71935
0.0271662 -4.72165
0.0279424 -4.72415
0.0287186 -4.72655
0.0294947 -4.72885
0.0302709 -4.73115
0.0310471 -4.73335
0.0318233 -4.73535
0.0325994 -4.73715
0.0333756 -4.73885
0.0341518 -4.74025
0.034928 -4.74135
0.0357042 -4.74225
0.0364803 -4.74295
0.0372565 -4.74325
0.0380327 -4.74345
0.0388089 -4.74325
0.039585 -4.74295
0.0403612 -4.74235
0.0411374 -4.74165
0.0419136 -4.74085
0.0426897 -4.74015
0.0434659 -4.73955
0.0442421 -4.73935
0.0450183 -4.73965
0.0457945 -4.74085
0.0465706 -4.74325
0.0473468 -4.74705
0.048123 -4.75245
0.0488992 -4.75935
0.0496753 -4.76755
0.0504515 -4.77685
0.0512277 -4.78695
0.0520039 -4.79755
0.0527801 -4.80855
0.0535562 -4.81965
0.0543324 -4.83095
0.0551086 -4.84225
0.0558848 -4.85345
0.0566609 -4.86455
0.0574371 -4.87555
0.0582133 -4.88635
0.0589895 -4.89685
0.0597656 -4.90725
0.0605418 -4.91725
0.061318 -4.92695
0.0620942 -4.93635
0.0628704 -4.94545
0.0636465 -4.95405
0.0644227 -4.96235
0.0651989 -4.97025
0.0659751 -4.97775
0.0667512 -4.98485
0.0675274 -4.99145
0.0683036 -4.99755
0.0690798 -5.00315
0.069856 -5.00835
0.0706321 -5.01295
0.0714083 -5.01705
0.0721845 -5.02065
0.0729607 -5.02375
0.0737368 -5.02625
0.074513 -5.02815
0.0752892 -5.02955
0.0760654 -5.03045
0.0768415 -5.03075
0.0768415 -5.03075
0.0776177 -5.03065
0.0783939 -5.03055
0.0791701 -5.03045
0.0799463 -5.03025
0.0807224 -5.02995
0.0814986 -5.02955
0.0822748 -5.02915
0.083051 -5.02875
0.0838271 -5.02815
0.0846033 -5.02755
0.0853795 -5.02695
0.0861557 -5.02615
0.0869319 -5.02545
0.087708 -5.02455
0.0884842 -5.02365
0.0892604 -5.02275
0.0900366 -5.02165
0.0908127 -5.02065
0.0915889 -5.01945
0.0923651 -5.01825
0.0931413 -5.01705
0.0939174 -5.01575
0.0946936 -5.01435
0.0954698 -5.01295
0.096246 -5.01145
0.0970222 -5.00995
0.0977983 -5.00835
0.0985745 -5.00675
0.0993507 -5.00505
0.100127 -5.00335
0.100903 -5.00155
0.101679 -4.99975
0.102455 -4.99795
0.103232 -4.99595
0.104008 -4.99405
0.104784 -4.99205
0.10556 -4.98995
0.106336 -4.98785
0.107112 -4.98575
0.107889 -4.98355
0.108665 -4.98135
0.109441 -4.97905
0.110217 -4.97675
0.110993 -4.97435
0.11177 -4.97195
0.112546 -4.96945
0.113322 -4.96685
0.114098 -4.96425
0.114874 -4.96155
0.11565 -4.95865
0.116427 -4.95565
0.117203 -4.95235
0.117979 -4.94875
0.118755 -4.94445
0.119531 -4.93915
0.120307 -4.93215
0.121084 -4.92265
0.12186 -4.91055
0.122636 -4.89645
0.123412 -4.88115
0.124188 -4.86545
0.124965 -4.84975
0.125741 -4.83435
0.126517 -4.81975
0.127293 -4.80605
0.128069 -4.79385
0.128845 -4.78335
0.129622 -4.77495
0.130398 -4.76865
0.131174 -4.76435
0.13195 -4.76195
0.132726 -4.76105
0.133502 -4.76155
0.134279 -4.76315
0.135055 -4.76575
0.135831 -4.76925
0.136607 -4.77335
0.137383 -4.77815
0.13816 -4.78335
0.138936 -4.78875
0.139712 -4.79415
0.140488 -4.79915
0.141264 -4.80315
0.14204 -4.80515
0.142817 -4.80375
0.143593 -4.79845
0.144369 -4.78985
0.145145 -4.77905
0.145921 -4.76715
0.146697 -4.75455
0.147474 -4.74155
0.14825 -4.72825
0.149026 -4.71465
0.149802 -4.70095
0.150578 -4.68725
0.151355 -4.67355
0.152131 -4.66005
0.152907 -4.64725
0.153683 -4.63795
0.153683 -4.63795
0.154781 -4.65245
0.155878 -4.67125
0.156976 -4.69065
0.158074 -4.70975
0.159171 -4.72755
0.160269 -4.74305
0.161367 -4.75485
0.162465 -4.76215
0.163562 -4.76485
0.16466 -4.76365
0.165758 -4.75935
0.166855 -4.75265
0.167953 -4.74415
0.169051 -4.73455
0.170148 -4.72455
0.171246 -4.72315
0.172344 -4.74535
0.173441 -4.77125
0.174539 -4.79815
0.175637 -4.82575
0.176734 -4.82935
0.177832 -4.82395
0.17893 -4.81835
0.180027 -4.81265
0.181125 -4.80675
0.182223 -4.80065
0.18332 -4.79435
0.184418 -4.78785
0.185516 -4.78125
0.186614 -4.77445
0.187711 -4.76745
0.188809 -4.76025
0.189907 -4.75295
0.191004 -4.74555
0.192102 -4.73785
0.1932 -4.73015
0.194297 -4.72225
0.195395 -4.71425
0.196493 -4.70615
0.19759 -4.69795
0.198688 -4.68965
0.199786 -4.68125
0.200883 -4.67295
0.201981 -4.66455
0.203079 -4.65625
0.204176 -4.64795
0.205274 -4.63985
0.206372 -4.63195
0.207469 -4.62445
0.208567 -4.61725
0.209665 -4.61055
0.210762 -4.60475
0.21186 -4.59975
0.212958 -4.59605
0.214056 -4.59375
0.215153 -4.59285
0.216251 -4.59335
0.217349 -4.59505
0.218446 -4.59765
0.219544 -4.60095
0.220642 -4.60485
0.221739 -4.60925
0.222837 -4.61395
0.223935 -4.61905
0.225032 -4.62435
0.22613 -4.62975
0.227228 -4.63545
0.228325 -4.64115
0.229423 -4.64705
0.230521 -4.65295
0.231618 -4.65885
0.232716 -4.66475
0.233814 -4.67075
0.234911 -4.67665
0.236009 -4.68255
0.237107 -4.68845
0.238204 -4.69425
0.239302 -4.69995
0.2404 -4.70565
0.241498 -4.71135
0.242595 -4.71695
0.243693 -4.72265
0.244791 -4.72825
0.245888 -4.73385
0.246986 -4.73955
0.248084 -4.74535
0.249181 -4.75135
0.250279 -4.75745
0.251377 -4.76375
0.252474 -4.77045
0.253572 -4.77745
0.25467 -4.78475
0.255767 -4.79245
0.256865 -4.80055
0.257963 -4.80885
0.25906 -4.81705
0.260158 -4.82465
0.261256 -4.83035
0.262353 -4.83245
0.262353 -4.83245
0.263098 -4.83245
0.263842 -4.83225
0.264587 -4.83195
0.265331 -4.83155
0.266076 -4.83105
0.26682 -4.83035
0.267564 -4.82965
0.268309 -4.82875
0.269053 -4.82785
0.269798 -4.82685
0.270542 -4.82565
0.271287 -4.82445
0.272031 -4.82315
0.272775 -4.82165
0.27352 -4.82015
0.274264 -4.81855
0.275009 -4.81685
0.275753 -4.81515
0.276497 -4.81325
0.277242 -4.81135
0.277986 -4.80925
0.278731 -4.80715
0.279475 -4.80495
0.28022 -4.80265
0.280964 -4.80035
0.281708 -4.79785
0.282453 -4.79535
0.283197 -4.79275
0.283942 -4.79005
0.284686 -4.78735
0.285431 -4.78445
0.286175 -4.78155
0.286919 -4.77855
0.287664 -4.77555
0.288408 -4.77235
0.289153 -4.76915
0.289897 -4.77755
0.290642 -4.78945
0.291386 -4.80165
0.29213 -4.81395
0.292875 -4.82645
0.293619 -4.83905
0.294364 -4.85185
0.295108 -4.86475
0.295852 -4.87775
0.296597 -4.89095
0.297341 -4.90415
0.298086 -4.91745
0.29883 -4.93075
0.299575 -4.94415
0.300319 -4.95755
0.301063 -4.97085
0.301808 -4.98425
0.302552 -4.99745
0.303297 -5.01065
0.304041 -5.02375
0.304786 -5.03655
0.30553 -5.04925
0.306274 -5.06155
0.307019 -5.07355
0.307763 -5.08515
0.308508 -5.09625
0.309252 -5.10665
0.309997 -5.11645
0.310741 -5.12525
0.311485 -5.13305
0.31223 -5.13955
0.312974 -5.14465
0.313719 -5.14805
0.314463 -5.14955
0.315207 -5.14895
0.315952 -5.14595
0.316696 -5.14045
0.317441 -5.13235
0.318185 -5.12175
0.31893 -5.10855
0.319674 -5.09305
0.320418 -5.07535
0.321163 -5.05565
0.321907 -5.03415
0.322652 -5.01115
0.323396 -4.98675
0.324141 -4.96125
0.324885 -4.93465
0.325629 -4.90705
0.326374 -4.87875
0.327118 -4.84975
0.327863 -4.82025
0.328607 -4.79015
0.329351 -4.75955
0.330096 -4.72865
0.33084 -4.69745
0.331585 -4.66605
0.332329 -4.63445
0.333074 -4.60275
0.333818 -4.57115
0.334562 -4.53965
0.335307 -4.50855
0.336051 -4.47785
0.336051 -4.47785
0.336827 -4.47795
0.337604 -4.47795
0.33838 -4.47815
0.339156 -4.47855
0.339932 -4.47915
0.340708 -4.47985
0.341485 -4.48075
0.342261 -4.48185
0.343037 -4.48315
0.343813 -4.48445
0.344589 -4.48605
0.345365 -4.48765
0.346142 -4.48945
0.346918 -4.49145
0.347694 -4.49355
0.34847 -4.49585
0.349246 -4.49835
0.350022 -4.50095
0.350799 -4.50375
0.351575 -4.50675
0.352351 -4.50995
0.353127 -4.51335
0.353903 -4.51695
0.35468 -4.52065
0.355456 -4.52465
0.356232 -4.52875
0.357008 -4.53395
0.357784 -4.54085
0.35856 -4.54795
0.359337 -4.55525
0.360113 -4.56265
0.360889 -4.57015
0.361665 -4.57785
0.362441 -4.58555
0.363218 -4.59325
0.363994 -4.60095
0.36477 -4.60855
0.365546 -4.61615
0.366322 -4.62365
0.367098 -4.63105
0.367875 -4.63825
0.368651 -4.64535
0.369427 -4.65215
0.370203 -4.65875
0.370979 -4.66495
0.371755 -4.67095
0.372532 -4.67655
0.373308 -4.68175
0.374084 -4.68655
0.37486 -4.69095
0.375636 -4.69485
0.376413 -4.69815
0.377189 -4.70095
0.377965 -4.70315
0.378741 -4.70475
0.379517 -4.70575
0.380293 -4.70595
0.38107 -4.70555
0.381846 -4.70435
0.382622 -4.70245
0.383398 -4.69975
0.384174 -4.69625
0.38495 -4.69205
0.385727 -4.68695
0.386503 -4.68115
0.387279 -4.67465
0.388055 -4.66735
0.388831 -4.65935
0.389608 -4.65055
0.390384 -4.64115
0.39116 -4.63115
0.391936 -4.62045
0.392712 -4.60925
0.393488 -4.59745
0.394265 -4.58525
0.395041 -4.57265
0.395817 -4.55955
0.396593 -4.54615
0.397369 -4.53255
0.398145 -4.51855
0.398922 -4.50445
0.399698 -4.49025
0.400474 -4.47585
0.40125 -4.46155
0.402026 -4.44715
0.402803 -4.43285
0.403579 -4.41875
0.404355 -4.40485
0.405131 -4.39125
0.405907 -4.37805
0.406683 -4.36525
0.40746 -4.35295
0.408236 -4.34125
0.409012 -4.33035
0.409788 -4.32015
0.410564 -4.31105
0.41134 -4.30295
0.412117 -4.29605
0.412893 -4.29055
0.412893 -4.29055
0.413669 -4.29125
0.414445 -4.29205
0.415221 -4.29295
0.415998 -4.29385
0.416774 -4.29475
0.41755 -4.29575
0.418326 -4.29675
0.419102 -4.29775
0.419878 -4.29875
0.420655 -4.29975
0.421431 -4.30065
0.422207 -4.30165
0.422983 -4.30255
0.423759 -4.30345
0.424536 -4.30435
0.425312 -4.30525
0.426088 -4.30605
0.426864 -4.30675
0.42764 -4.30755
0.428416 -4.30825
0.429193 -4.30885
0.429969 -4.30945
0.430745 -4.31005
0.431521 -4.31055
0.432297 -4.31095
0.433073 -4.31145
0.43385 -4.31185
0.434626 -4.31215
0.435402 -4.31245
0.436178 -4.31275
0.436954 -4.31295
0.437731 -4.31315
0.438507 -4.31325
0.439283 -4.31335
0.440059 -4.31345
0.440835 -4.31355
0.441611 -4.31445
0.442388 -4.31545
0.443164 -4.31655
0.44394 -4.31755
0.444716 -4.31865
0.445492 -4.31965
0.446268 -4.32065
0.447045 -4.32165
0.447821 -4.32275
0.448597 -4.32375
0.449373 -4.32485
0.450149 -4.32585
0.450926 -4.32695
0.451702 -4.32795
0.452478 -4.32905
0.453254 -4.33015
0.45403 -4.33125
0.454806 -4.33245
0.455583 -4.33355
0.456359 -4.33475
0.457135 -4.33595
0.457911 -4.33725
0.458687 -4.33855
0.459463 -4.33985
0.46024 -4.34125
0.461016 -4.34275
0.461792 -4.34425
0.462568 -4.34575
0.463344 -4.34745
0.464121 -4.34915
0.464897 -4.35085
0.465673 -4.35275
0.466449 -4.35475
0.467225 -4.35685
0.468001 -4.35905
0.468778 -4.36135
0.469554 -4.36385
0.47033 -4.36655
0.471106 -4.36935
0.471882 -4.37245
0.472658 -4.37575
0.473435 -4.37935
0.474211 -4.38325
0.474987 -4.38755
0.475763 -4.39225
0.476539 -4.39745
0.477316 -4.40325
0.478092 -4.40965
0.478868 -4.41685
0.479644 -4.42475
0.48042 -4.43365
0.481196 -4.44345
0.481973 -4.45425
0.482749 -4.46595
0.483525 -4.47845
0.484301 -4.49175
0.485077 -4.50545
0.485854 -4.51935
0.48663 -4.53285
0.487406 -4.54545
0.488182 -4.55675
0.488958 -4.56645
0.489734 -4.57395
0.489734 -4.57395
0.490832 -4.56135
0.49193 -4.54285
0.493027 -4.51975
0.494125 -4.49345
0.495223 -4.46545
0.49632 -4.43665
0.497418 -4.40755
0.498516 -4.37885
0.499614 -4.35695
0.500711 -4.34005
0.501809 -4.32495
0.502907 -4.31135
0.504004 -4.29915
0.505102 -4.28805
0.5062 -4.27795
0.507297 -4.26865
0.508395 -4.26025
0.509493 -4.25255
0.51059 -4.24555
0.511688 -4.23905
0.512786 -4.23325
0.513883 -4.22805
0.514981 -4.22335
0.516079 -4.21925
0.517176 -4.21555
0.518274 -4.21235
0.519372 -4.20975
0.520469 -4.20745
0.521567 -4.20565
0.522665 -4.20435
0.523762 -4.20335
0.52486 -4.20275
0.525958 -4.20265
0.527056 -4.20345
0.528153 -4.20705
0.529251 -4.21095
0.530349 -4.21515
0.531446 -4.21965
0.532544 -4.22425
0.533642 -4.22915
0.534739 -4.23425
0.535837 -4.23955
0.536935 -4.24495
0.538032 -4.25055
0.53913 -4.25625
0.540228 -4.26205
0.541325 -4.26795
0.542423 -4.27405
0.543521 -4.28015
0.544618 -4.28635
0.545716 -4.29255
0.546814 -4.29885
0.547911 -4.30515
0.549009 -4.31155
0.550107 -4.31785
0.551204 -4.32425
0.552302 -4.33055
0.5534 -4.33695
0.554498 -4.34325
0.555595 -4.34945
0.556693 -4.35575
0.557791 -4.36185
0.558888 -4.36805
0.559986 -4.37405
0.561084 -4.37995
0.562181 -4.38585
0.563279 -4.39155
0.564377 -4.39715
0.565474 -4.40275
0.566572 -4.40805
0.56767 -4.41335
0.568767 -4.41845
0.569865 -4.42335
0.570963 -4.42815
0.57206 -4.43265
0.573158 -4.43715
0.574256 -4.44135
0.575353 -4.44535
0.576451 -4.44915
0.577549 -4.45275
0.578647 -4.45625
0.579744 -4.45995
0.580842 -4.46325
0.58194 -4.46625
0.583037 -4.46885
0.584135 -4.47125
0.585233 -4.47325
0.58633 -4.47485
0.587428 -4.47625
0.588526 -4.47725
0.589623 -4.47795
0.590721 -4.47835
0.591819 -4.47855
0.592916 -4.47855
0.594014 -4.47835
0.595112 -4.47825
0.596209 -4.47815
0.597307 -4.47795
0.598405 -4.47785
