# Band 57 from P4mcc-bands-soc.dat
# Original plotting-script index j = 56
# Energy column is E - E_F in eV; Fermi level is therefore at 0 eV in these files.
# Columns: k_distance  energy_minus_EF_eV
0 -1.93785
0.000776178 -1.93775
0.00155235 -1.93765
0.00232853 -1.93745
0.00310471 -1.93705
0.00388089 -1.93675
0.00465706 -1.93625
0.00543324 -1.93575
0.00620942 -1.93515
0.0069856 -1.93445
0.00776177 -1.93375
0.00853795 -1.93305
0.00931413 -1.93225
0.0100903 -1.93155
0.0108665 -1.93075
0.0116427 -1.93005
0.0124188 -1.92935
0.013195 -1.92865
0.0139712 -1.92805
0.0147474 -1.92755
0.0155235 -1.92715
0.0162997 -1.92685
0.0170759 -1.92675
0.0178521 -1.92685
0.0186283 -1.92725
0.0194044 -1.92795
0.0201806 -1.92925
0.0209568 -1.93105
0.021733 -1.93385
0.0225091 -1.93765
0.0232853 -1.94265
0.0240615 -1.94885
0.0248377 -1.95615
0.0256138 -1.96435
0.02639 -1.97315
0.0271662 -1.98225
0.0279424 -1.99145
0.0287186 -2.00055
0.0294947 -2.00925
0.0302709 -2.01725
0.0310471 -2.02425
0.0318233 -2.02985
0.0325994 -2.03375
0.0333756 -2.03545
0.0341518 -2.03495
0.034928 -2.03215
0.0357042 -2.02715
0.0364803 -2.02045
0.0372565 -2.01225
0.0380327 -2.00315
0.0388089 -1.99335
0.039585 -1.98345
0.0403612 -1.97395
0.0411374 -1.96545
0.0419136 -1.95905
0.0426897 -1.95505
0.0434659 -1.95315
0.0442421 -1.95245
0.0450183 -1.95235
0.0457945 -1.95235
0.0465706 -1.95245
0.0473468 -1.95235
0.048123 -1.95215
0.0488992 -1.95155
0.0496753 -1.95065
0.0504515 -1.94935
0.0512277 -1.94755
0.0520039 -1.94535
0.0527801 -1.94275
0.0535562 -1.93965
0.0543324 -1.93625
0.0551086 -1.93265
0.0558848 -1.92895
0.0566609 -1.92535
0.0574371 -1.92185
0.0582133 -1.91865
0.0589895 -1.91575
0.0597656 -1.91325
0.0605418 -1.91125
0.061318 -1.90955
0.0620942 -1.90815
0.0628704 -1.90715
0.0636465 -1.90635
0.0644227 -1.90585
0.0651989 -1.90555
0.0659751 -1.90535
0.0667512 -1.90525
0.0675274 -1.90535
0.0683036 -1.90545
0.0690798 -1.90555
0.069856 -1.90575
0.0706321 -1.90605
0.0714083 -1.90625
0.0721845 -1.90645
0.0729607 -1.90665
0.0737368 -1.90675
0.074513 -1.90695
0.0752892 -1.90705
0.0760654 -1.90705
0.0768415 -1.90715
0.0768415 -1.90715
0.0776177 -1.90715
0.0783939 -1.90725
0.0791701 -1.90755
0.0799463 -1.90785
0.0807224 -1.90835
0.0814986 -1.90885
0.0822748 -1.90945
0.083051 -1.91015
0.0838271 -1.91095
0.0846033 -1.91185
0.0853795 -1.91285
0.0861557 -1.91395
0.0869319 -1.91515
0.087708 -1.91645
0.0884842 -1.91795
0.0892604 -1.91955
0.0900366 -1.92135
0.0908127 -1.92345
0.0915889 -1.92595
0.0923651 -1.92905
0.0931413 -1.93315
0.0939174 -1.93865
0.0946936 -1.94605
0.0954698 -1.95525
0.096246 -1.96595
0.0970222 -1.97755
0.0977983 -1.98975
0.0985745 -2.00235
0.0993507 -2.01515
0.100127 -2.02815
0.100903 -2.04135
0.101679 -2.05465
0.102455 -2.06805
0.103232 -2.08165
0.104008 -2.09545
0.104784 -2.10945
0.10556 -2.12355
0.106336 -2.13775
0.107112 -2.15225
0.107889 -2.16685
0.108665 -2.18155
0.109441 -2.19645
0.110217 -2.21145
0.110993 -2.22645
0.11177 -2.24155
0.112546 -2.25675
0.113322 -2.27185
0.114098 -2.28685
0.114874 -2.30165
0.11565 -2.31625
0.116427 -2.33045
0.117203 -2.34425
0.117979 -2.35745
0.118755 -2.36985
0.119531 -2.38125
0.120307 -2.39155
0.121084 -2.40035
0.12186 -2.40735
0.122636 -2.41235
0.123412 -2.41525
0.124188 -2.41615
0.124965 -2.41515
0.125741 -2.41285
0.126517 -2.40955
0.127293 -2.40535
0.128069 -2.40065
0.128845 -2.39535
0.129622 -2.38975
0.130398 -2.38365
0.131174 -2.37725
0.13195 -2.37045
0.132726 -2.36335
0.133502 -2.35585
0.134279 -2.34805
0.135055 -2.33995
0.135831 -2.33155
0.136607 -2.32295
0.137383 -2.31405
0.13816 -2.30495
0.138936 -2.29575
0.139712 -2.28645
0.140488 -2.27705
0.141264 -2.26775
0.14204 -2.25845
0.142817 -2.24925
0.143593 -2.24015
0.144369 -2.23135
0.145145 -2.22275
0.145921 -2.21455
0.146697 -2.20685
0.147474 -2.19965
0.14825 -2.19325
0.149026 -2.18765
0.149802 -2.18305
0.150578 -2.17935
0.151355 -2.17665
0.152131 -2.17475
0.152907 -2.17375
0.153683 -2.17335
0.153683 -2.17335
0.154781 -2.17405
0.155878 -2.17615
0.156976 -2.17945
0.158074 -2.18385
0.159171 -2.18935
0.160269 -2.19565
0.161367 -2.20255
0.162465 -2.20985
0.163562 -2.21765
0.16466 -2.22575
0.165758 -2.23405
0.166855 -2.24275
0.167953 -2.25165
0.169051 -2.26075
0.170148 -2.27005
0.171246 -2.27945
0.172344 -2.28885
0.173441 -2.29825
0.174539 -2.30745
0.175637 -2.31625
0.176734 -2.32455
0.177832 -2.33195
0.17893 -2.33825
0.180027 -2.34325
0.181125 -2.34655
0.182223 -2.34805
0.18332 -2.34765
0.184418 -2.34535
0.185516 -2.34105
0.186614 -2.33485
0.187711 -2.32685
0.188809 -2.31715
0.189907 -2.30605
0.191004 -2.29395
0.192102 -2.28125
0.1932 -2.26795
0.194297 -2.25455
0.195395 -2.24115
0.196493 -2.22785
0.19759 -2.21465
0.198688 -2.20175
0.199786 -2.18915
0.200883 -2.17675
0.201981 -2.16475
0.203079 -2.15305
0.204176 -2.14175
0.205274 -2.13095
0.206372 -2.12045
0.207469 -2.11045
0.208567 -2.10095
0.209665 -2.09205
0.210762 -2.08375
0.21186 -2.07615
0.212958 -2.06925
0.214056 -2.06335
0.215153 -2.05835
0.216251 -2.05455
0.217349 -2.05215
0.218446 -2.05145
0.219544 -2.05255
0.220642 -2.05575
0.221739 -2.06105
0.222837 -2.06785
0.223935 -2.07385
0.225032 -2.07295
0.22613 -2.06275
0.227228 -2.04865
0.228325 -2.03355
0.229423 -2.01825
0.230521 -2.00335
0.231618 -1.98875
0.232716 -1.97475
0.233814 -1.96135
0.234911 -1.94865
0.236009 -1.93695
0.237107 -1.92735
0.238204 -1.92205
0.239302 -1.92025
0.2404 -1.91985
0.241498 -1.92015
0.242595 -1.92065
0.243693 -1.92145
0.244791 -1.92245
0.245888 -1.92355
0.246986 -1.92475
0.248084 -1.92605
0.249181 -1.92735
0.250279 -1.92865
0.251377 -1.93005
0.252474 -1.93125
0.253572 -1.93255
0.25467 -1.93365
0.255767 -1.93475
0.256865 -1.93565
0.257963 -1.93635
0.25906 -1.93705
0.260158 -1.93745
0.261256 -1.93775
0.262353 -1.93785
0.262353 -1.93785
0.263098 -1.93795
0.263842 -1.93835
0.264587 -1.93905
0.265331 -1.93995
0.266076 -1.94115
0.26682 -1.94265
0.267564 -1.94435
0.268309 -1.94635
0.269053 -1.94865
0.269798 -1.95125
0.270542 -1.95405
0.271287 -1.95725
0.272031 -1.96065
0.272775 -1.96445
0.27352 -1.96855
0.274264 -1.97295
0.275009 -1.97765
0.275753 -1.98275
0.276497 -1.98815
0.277242 -1.99405
0.277986 -2.00035
0.278731 -2.00705
0.279475 -2.01435
0.28022 -2.02205
0.280964 -2.03045
0.281708 -2.03955
0.282453 -2.04935
0.283197 -2.05995
0.283942 -2.07155
0.284686 -2.08415
0.285431 -2.09795
0.286175 -2.11305
0.286919 -2.12955
0.287664 -2.14755
0.288408 -2.16705
0.289153 -2.18805
0.289897 -2.21055
0.290642 -2.23445
0.291386 -2.25965
0.29213 -2.28595
0.292875 -2.31325
0.293619 -2.34135
0.294364 -2.36995
0.295108 -2.39895
0.295852 -2.42775
0.296597 -2.45595
0.297341 -2.48245
0.298086 -2.47665
0.29883 -2.46455
0.299575 -2.45285
0.300319 -2.44155
0.301063 -2.43075
0.301808 -2.42045
0.302552 -2.41075
0.303297 -2.40155
0.304041 -2.39295
0.304786 -2.38505
0.30553 -2.37775
0.306274 -2.37115
0.307019 -2.36525
0.307763 -2.36015
0.308508 -2.35575
0.309252 -2.35215
0.309997 -2.34935
0.310741 -2.34725
0.311485 -2.34595
0.31223 -2.34535
0.312974 -2.34555
0.313719 -2.34655
0.314463 -2.34815
0.315207 -2.35045
0.315952 -2.35345
0.316696 -2.35705
0.317441 -2.36125
0.318185 -2.36595
0.31893 -2.37125
0.319674 -2.37705
0.320418 -2.38325
0.321163 -2.38985
0.321907 -2.39695
0.322652 -2.40435
0.323396 -2.41205
0.324141 -2.42005
0.324885 -2.42825
0.325629 -2.43665
0.326374 -2.44505
0.327118 -2.45315
0.327863 -2.45895
0.328607 -2.45455
0.329351 -2.44125
0.330096 -2.42625
0.33084 -2.41105
0.331585 -2.39575
0.332329 -2.38065
0.333074 -2.36585
0.333818 -2.35115
0.334562 -2.33675
0.335307 -2.32255
0.336051 -2.30865
0.336051 -2.30865
0.336827 -2.31015
0.337604 -2.31165
0.33838 -2.31325
0.339156 -2.31495
0.339932 -2.31665
0.340708 -2.31855
0.341485 -2.32055
0.342261 -2.32265
0.343037 -2.32475
0.343813 -2.32695
0.344589 -2.32905
0.345365 -2.33125
0.346142 -2.33335
0.346918 -2.33535
0.347694 -2.33735
0.34847 -2.33925
0.349246 -2.34095
0.350022 -2.34255
0.350799 -2.34405
0.351575 -2.34535
0.352351 -2.34655
0.353127 -2.34755
0.353903 -2.34845
0.35468 -2.34915
0.355456 -2.34975
0.356232 -2.35015
0.357008 -2.35045
0.357784 -2.35055
0.35856 -2.35045
0.359337 -2.35025
0.360113 -2.34985
0.360889 -2.34935
0.361665 -2.34865
0.362441 -2.34775
0.363218 -2.34675
0.363994 -2.34555
0.36477 -2.34415
0.365546 -2.34265
0.366322 -2.34095
0.367098 -2.33895
0.367875 -2.33685
0.368651 -2.33455
0.369427 -2.33205
0.370203 -2.32935
0.370979 -2.32645
0.371755 -2.32325
0.372532 -2.31985
0.373308 -2.31625
0.374084 -2.31245
0.37486 -2.30835
0.375636 -2.30405
0.376413 -2.29935
0.377189 -2.29455
0.377965 -2.28935
0.378741 -2.28395
0.379517 -2.27815
0.380293 -2.27215
0.38107 -2.26585
0.381846 -2.25915
0.382622 -2.25225
0.383398 -2.24495
0.384174 -2.23745
0.38495 -2.22955
0.385727 -2.22135
0.386503 -2.21285
0.387279 -2.20405
0.388055 -2.19495
0.388831 -2.18565
0.389608 -2.17605
0.390384 -2.16615
0.39116 -2.15605
0.391936 -2.14585
0.392712 -2.13535
0.393488 -2.12475
0.394265 -2.11405
0.395041 -2.10335
0.395817 -2.09255
0.396593 -2.08185
0.397369 -2.07115
0.398145 -2.06055
0.398922 -2.05015
0.399698 -2.03985
0.400474 -2.02985
0.40125 -2.02025
0.402026 -2.01085
0.402803 -2.00185
0.403579 -1.99335
0.404355 -1.98515
0.405131 -1.97755
0.405907 -1.97035
0.406683 -1.96365
0.40746 -1.95745
0.408236 -1.95165
0.409012 -1.94645
0.409788 -1.94165
0.410564 -1.93735
0.41134 -1.93345
0.412117 -1.93005
0.412893 -1.92705
0.412893 -1.92705
0.413669 -1.92905
0.414445 -1.93135
0.415221 -1.93385
0.415998 -1.93665
0.416774 -1.93975
0.41755 -1.94315
0.418326 -1.94675
0.419102 -1.95065
0.419878 -1.95475
0.420655 -1.95915
0.421431 -1.96385
0.422207 -1.96885
0.422983 -1.97405
0.423759 -1.97955
0.424536 -1.98535
0.425312 -1.99145
0.426088 -1.99795
0.426864 -2.00465
0.42764 -2.01175
0.428416 -2.01915
0.429193 -2.02695
0.429969 -2.03495
0.430745 -2.04345
0.431521 -2.05215
0.432297 -2.06125
0.433073 -2.07065
0.43385 -2.08025
0.434626 -2.09285
0.435402 -2.10775
0.436178 -2.12285
0.436954 -2.13825
0.437731 -2.15385
0.438507 -2.16955
0.439283 -2.18525
0.440059 -2.20105
0.440835 -2.21685
0.441611 -2.23245
0.442388 -2.24795
0.443164 -2.26325
0.44394 -2.27825
0.444716 -2.29305
0.445492 -2.30735
0.446268 -2.32135
0.447045 -2.33485
0.447821 -2.34795
0.448597 -2.36045
0.449373 -2.37235
0.450149 -2.38365
0.450926 -2.39435
0.451702 -2.40435
0.452478 -2.41375
0.453254 -2.42235
0.45403 -2.43025
0.454806 -2.43745
0.455583 -2.44385
0.456359 -2.44955
0.457135 -2.45455
0.457911 -2.45885
0.458687 -2.46235
0.459463 -2.46525
0.46024 -2.46745
0.461016 -2.46895
0.461792 -2.46985
0.462568 -2.47015
0.463344 -2.46985
0.464121 -2.46905
0.464897 -2.46765
0.465673 -2.46585
0.466449 -2.46345
0.467225 -2.46075
0.468001 -2.45755
0.468778 -2.45405
0.469554 -2.45015
0.47033 -2.44595
0.471106 -2.44145
0.471882 -2.43665
0.472658 -2.43165
0.473435 -2.42655
0.474211 -2.42115
0.474987 -2.41575
0.475763 -2.41015
0.476539 -2.40455
0.477316 -2.39895
0.478092 -2.39335
0.478868 -2.38775
0.479644 -2.38235
0.48042 -2.37705
0.481196 -2.37185
0.481973 -2.36695
0.482749 -2.36235
0.483525 -2.35795
0.484301 -2.35405
0.485077 -2.35045
0.485854 -2.34725
0.48663 -2.34455
0.487406 -2.34235
0.488182 -2.34065
0.488958 -2.33945
0.489734 -2.33875
0.489734 -2.33875
0.490832 -2.33985
0.49193 -2.34185
0.493027 -2.34465
0.494125 -2.34805
0.495223 -2.35185
0.49632 -2.35615
0.497418 -2.36065
0.498516 -2.36535
0.499614 -2.37015
0.500711 -2.37505
0.501809 -2.38095
0.502907 -2.38705
0.504004 -2.39305
0.505102 -2.39875
0.5062 -2.40415
0.507297 -2.40925
0.508395 -2.41385
0.509493 -2.41795
0.51059 -2.42165
0.511688 -2.42485
0.512786 -2.42815
0.513883 -2.43295
0.514981 -2.43765
0.516079 -2.44235
0.517176 -2.44685
0.518274 -2.45135
0.519372 -2.45575
0.520469 -2.46005
0.521567 -2.46405
0.522665 -2.46795
0.523762 -2.47155
0.52486 -2.47485
0.525958 -2.47795
0.527056 -2.48075
0.528153 -2.48315
0.529251 -2.48525
0.530349 -2.48695
0.531446 -2.48835
0.532544 -2.48935
0.533642 -2.49005
0.534739 -2.49035
0.535837 -2.49025
0.536935 -2.48985
0.538032 -2.48905
0.53913 -2.48795
0.540228 -2.48655
0.541325 -2.48475
0.542423 -2.48275
0.543521 -2.48045
0.544618 -2.47785
0.545716 -2.47505
0.546814 -2.47195
0.547911 -2.46865
0.549009 -2.46515
0.550107 -2.46155
0.551204 -2.45775
0.552302 -2.45375
0.5534 -2.44965
0.554498 -2.44545
0.555595 -2.44115
0.556693 -2.43685
0.557791 -2.43235
0.558888 -2.42795
0.559986 -2.42335
0.561084 -2.41885
0.562181 -2.41435
0.563279 -2.40975
0.564377 -2.40525
0.565474 -2.40075
0.566572 -2.39635
0.56767 -2.39195
0.568767 -2.38765
0.569865 -2.38345
0.570963 -2.37935
0.57206 -2.37525
0.573158 -2.37135
0.574256 -2.36745
0.575353 -2.36375
0.576451 -2.36015
0.577549 -2.35665
0.578647 -2.35325
0.579744 -2.35005
0.580842 -2.34695
0.58194 -2.34395
0.583037 -2.34105
0.584135 -2.33825
0.585233 -2.33565
0.58633 -2.33305
0.587428 -2.33065
0.588526 -2.32825
0.589623 -2.32595
0.590721 -2.32365
0.591819 -2.32145
0.592916 -2.31925
0.594014 -2.31705
0.595112 -2.31495
0.596209 -2.31285
0.597307 -2.31075
0.598405 -2.30865
