# Band 91 from P4mcc-bands-soc.dat
# Original plotting-script index j = 90
# Energy column is E - E_F in eV; Fermi level is therefore at 0 eV in these files.
# Columns: k_distance  energy_minus_EF_eV
0 2.87315
0.000776178 2.87305
0.00155235 2.87295
0.00232853 2.87285
0.00310471 2.87265
0.00388089 2.87245
0.00465706 2.87215
0.00543324 2.87175
0.00620942 2.87135
0.0069856 2.87095
0.00776177 2.87045
0.00853795 2.86985
0.00931413 2.86925
0.0100903 2.86865
0.0108665 2.86795
0.0116427 2.86725
0.0124188 2.86645
0.013195 2.86565
0.0139712 2.86485
0.0147474 2.86395
0.0155235 2.86295
0.0162997 2.86195
0.0170759 2.86095
0.0178521 2.85985
0.0186283 2.85875
0.0194044 2.85755
0.0201806 2.85625
0.0209568 2.85505
0.021733 2.85365
0.0225091 2.85225
0.0232853 2.85085
0.0240615 2.84935
0.0248377 2.84775
0.0256138 2.84615
0.02639 2.84455
0.0271662 2.84345
0.0279424 2.84575
0.0287186 2.85005
0.0294947 2.85425
0.0302709 2.85795
0.0310471 2.86105
0.0318233 2.86365
0.0325994 2.86565
0.0333756 2.86725
0.0341518 2.86815
0.034928 2.86845
0.0357042 2.86825
0.0364803 2.86725
0.0372565 2.86545
0.0380327 2.86265
0.0388089 2.85885
0.039585 2.85385
0.0403612 2.84775
0.0411374 2.84085
0.0419136 2.83335
0.0426897 2.82565
0.0434659 2.81775
0.0442421 2.80995
0.0450183 2.80245
0.0457945 2.79525
0.0465706 2.78835
0.0473468 2.78175
0.048123 2.77555
0.0488992 2.76955
0.0496753 2.76395
0.0504515 2.75845
0.0512277 2.75325
0.0520039 2.74825
0.0527801 2.74335
0.0535562 2.73875
0.0543324 2.73425
0.0551086 2.72995
0.0558848 2.72575
0.0566609 2.72175
0.0574371 2.71795
0.0582133 2.71425
0.0589895 2.71085
0.0597656 2.70745
0.0605418 2.70445
0.061318 2.70165
0.0620942 2.69955
0.0628704 2.69855
0.0636465 2.69875
0.0644227 2.69915
0.0651989 2.69955
0.0659751 2.69985
0.0667512 2.70005
0.0675274 2.70015
0.0683036 2.70015
0.0690798 2.70005
0.069856 2.69985
0.0706321 2.69965
0.0714083 2.69935
0.0721845 2.69915
0.0729607 2.69885
0.0737368 2.69865
0.074513 2.69845
0.0752892 2.69825
0.0760654 2.69815
0.0768415 2.69815
0.0768415 2.69815
0.0776177 2.69845
0.0783939 2.69955
0.0791701 2.70135
0.0799463 2.70415
0.0807224 2.70765
0.0814986 2.71185
0.0822748 2.71655
0.083051 2.72135
0.0838271 2.72625
0.0846033 2.73105
0.0853795 2.73565
0.0861557 2.74015
0.0869319 2.74455
0.087708 2.74865
0.0884842 2.75275
0.0892604 2.75665
0.0900366 2.76045
0.0908127 2.76425
0.0915889 2.76805
0.0923651 2.77185
0.0931413 2.77585
0.0939174 2.78005
0.0946936 2.78445
0.0954698 2.78925
0.096246 2.79445
0.0970222 2.80015
0.0977983 2.80665
0.0985745 2.81385
0.0993507 2.82205
0.100127 2.83125
0.100903 2.84165
0.101679 2.85335
0.102455 2.86635
0.103232 2.88075
0.104008 2.89635
0.104784 2.91335
0.10556 2.93155
0.106336 2.95095
0.107112 2.97135
0.107889 2.99265
0.108665 3.01475
0.109441 3.03765
0.110217 3.06115
0.110993 3.08525
0.11177 3.10985
0.112546 3.13475
0.113322 3.16005
0.114098 3.18565
0.114874 3.21125
0.11565 3.23715
0.116427 3.26295
0.117203 3.28855
0.117979 3.31425
0.118755 3.33975
0.119531 3.36555
0.120307 3.38985
0.121084 3.41505
0.12186 3.43835
0.122636 3.46165
0.123412 3.48445
0.124188 3.50605
0.124965 3.52605
0.125741 3.54525
0.126517 3.56365
0.127293 3.57895
0.128069 3.59515
0.128845 3.60685
0.129622 3.61915
0.130398 3.62805
0.131174 3.63795
0.13195 3.64465
0.132726 3.65185
0.133502 3.65865
0.134279 3.66575
0.135055 3.67225
0.135831 3.67595
0.136607 3.68125
0.137383 3.68595
0.13816 3.68975
0.138936 3.69215
0.139712 3.69525
0.140488 3.69635
0.141264 3.69755
0.14204 3.69845
0.142817 3.69955
0.143593 3.69845
0.144369 3.69895
0.145145 3.69835
0.145921 3.69845
0.146697 3.69785
0.147474 3.69745
0.14825 3.69715
0.149026 3.69715
0.149802 3.69685
0.150578 3.69655
0.151355 3.69725
0.152131 3.69615
0.152907 3.69675
0.153683 3.69605
0.153683 3.69625
0.154781 3.69625
0.155878 3.69665
0.156976 3.69675
0.158074 3.69675
0.159171 3.69725
0.160269 3.69795
0.161367 3.69845
0.162465 3.69915
0.163562 3.69985
0.16466 3.69985
0.165758 3.70065
0.166855 3.69925
0.167953 3.69595
0.169051 3.68835
0.170148 3.67735
0.171246 3.66495
0.172344 3.65265
0.173441 3.63895
0.174539 3.62525
0.175637 3.61225
0.176734 3.59945
0.177832 3.58605
0.17893 3.57515
0.180027 3.56145
0.181125 3.55055
0.182223 3.54005
0.18332 3.52835
0.184418 3.51895
0.185516 3.50825
0.186614 3.49865
0.187711 3.48305
0.188809 3.44765
0.189907 3.41145
0.191004 3.37445
0.192102 3.33805
0.1932 3.30265
0.194297 3.26835
0.195395 3.23485
0.196493 3.20285
0.19759 3.17155
0.198688 3.14175
0.199786 3.11325
0.200883 3.08615
0.201981 3.06065
0.203079 3.03655
0.204176 3.01405
0.205274 2.99325
0.206372 2.97405
0.207469 2.95655
0.208567 2.94085
0.209665 2.92695
0.210762 2.91495
0.21186 2.90495
0.212958 2.89695
0.214056 2.89135
0.215153 2.88815
0.216251 2.88745
0.217349 2.88955
0.218446 2.89445
0.219544 2.90225
0.220642 2.91255
0.221739 2.92525
0.222837 2.93985
0.223935 2.95595
0.225032 2.97315
0.22613 2.99085
0.227228 3.00825
0.228325 3.01935
0.229423 3.01015
0.230521 2.99635
0.231618 2.98125
0.232716 2.96555
0.233814 2.94945
0.234911 2.93335
0.236009 2.91775
0.237107 2.90315
0.238204 2.89005
0.239302 2.87935
0.2404 2.87155
0.241498 2.86665
0.242595 2.86395
0.243693 2.86285
0.244791 2.86275
0.245888 2.86325
0.246986 2.86395
0.248084 2.86495
0.249181 2.86595
0.250279 2.86695
0.251377 2.86795
0.252474 2.86885
0.253572 2.86975
0.25467 2.87045
0.255767 2.87115
0.256865 2.87175
0.257963 2.87225
0.25906 2.87265
0.260158 2.87295
0.261256 2.87305
0.262353 2.87315
0.262353 2.87315
0.263098 2.87285
0.263842 2.87215
0.264587 2.87095
0.265331 2.86925
0.266076 2.86715
0.26682 2.86445
0.267564 2.86145
0.268309 2.85795
0.269053 2.85395
0.269798 2.84955
0.270542 2.84475
0.271287 2.83965
0.272031 2.83405
0.272775 2.82815
0.27352 2.82195
0.274264 2.81545
0.275009 2.80865
0.275753 2.80165
0.276497 2.79445
0.277242 2.78705
0.277986 2.77945
0.278731 2.77185
0.279475 2.76405
0.28022 2.75635
0.280964 2.74865
0.281708 2.74105
0.282453 2.73345
0.283197 2.72615
0.283942 2.71905
0.284686 2.71215
0.285431 2.70565
0.286175 2.69955
0.286919 2.69385
0.287664 2.68855
0.288408 2.68395
0.289153 2.67985
0.289897 2.67645
0.290642 2.67825
0.291386 2.68185
0.29213 2.68545
0.292875 2.68925
0.293619 2.69305
0.294364 2.69705
0.295108 2.70125
0.295852 2.70555
0.296597 2.71015
0.297341 2.71485
0.298086 2.71985
0.29883 2.72515
0.299575 2.73075
0.300319 2.73675
0.301063 2.74305
0.301808 2.74985
0.302552 2.75705
0.303297 2.76885
0.304041 2.78355
0.304786 2.79915
0.30553 2.81575
0.306274 2.83325
0.307019 2.85165
0.307763 2.87095
0.308508 2.89105
0.309252 2.91185
0.309997 2.93355
0.310741 2.95585
0.311485 2.97005
0.31223 2.96475
0.312974 2.96065
0.313719 2.95865
0.314463 2.96025
0.315207 2.96605
0.315952 2.97535
0.316696 2.98665
0.317441 2.99915
0.318185 3.01215
0.31893 3.02565
0.319674 3.03945
0.320418 3.05325
0.321163 3.06735
0.321907 3.08145
0.322652 3.09555
0.323396 3.10985
0.324141 3.12225
0.324885 3.11095
0.325629 3.09995
0.326374 3.08855
0.327118 3.07695
0.327863 3.06535
0.328607 3.05375
0.329351 3.04175
0.330096 3.02975
0.33084 3.01775
0.331585 3.00555
0.332329 2.99325
0.333074 2.98085
0.333818 2.96845
0.334562 2.95595
0.335307 2.94335
0.336051 2.93065
0.336051 2.93065
0.336827 2.93085
0.337604 2.93095
0.33838 2.93105
0.339156 2.93095
0.339932 2.93085
0.340708 2.93045
0.341485 2.93005
0.342261 2.92935
0.343037 2.92855
0.343813 2.92755
0.344589 2.92625
0.345365 2.92485
0.346142 2.92315
0.346918 2.92125
0.347694 2.91915
0.34847 2.91685
0.349246 2.91475
0.350022 2.91245
0.350799 2.90985
0.351575 2.90705
0.352351 2.90395
0.353127 2.90065
0.353903 2.89715
0.35468 2.89335
0.355456 2.88925
0.356232 2.88505
0.357008 2.88055
0.357784 2.87575
0.35856 2.87085
0.359337 2.86575
0.360113 2.86035
0.360889 2.85485
0.361665 2.84915
0.362441 2.84335
0.363218 2.83735
0.363994 2.83115
0.36477 2.82495
0.365546 2.81855
0.366322 2.81265
0.367098 2.80675
0.367875 2.80085
0.368651 2.79495
0.369427 2.78895
0.370203 2.78295
0.370979 2.77695
0.371755 2.77095
0.372532 2.76495
0.373308 2.75905
0.374084 2.75305
0.37486 2.74715
0.375636 2.74125
0.376413 2.73535
0.377189 2.72955
0.377965 2.72385
0.378741 2.71815
0.379517 2.71245
0.380293 2.70685
0.38107 2.70135
0.381846 2.69595
0.382622 2.69065
0.383398 2.68535
0.384174 2.68015
0.38495 2.67505
0.385727 2.67005
0.386503 2.66525
0.387279 2.66045
0.388055 2.65575
0.388831 2.65125
0.389608 2.64675
0.390384 2.64245
0.39116 2.63825
0.391936 2.63415
0.392712 2.63025
0.393488 2.62635
0.394265 2.62265
0.395041 2.61905
0.395817 2.61555
0.396593 2.61215
0.397369 2.60895
0.398145 2.60585
0.398922 2.60285
0.399698 2.59985
0.400474 2.59705
0.40125 2.59435
0.402026 2.59175
0.402803 2.58925
0.403579 2.58685
0.404355 2.58455
0.405131 2.58225
0.405907 2.58005
0.406683 2.57795
0.40746 2.57585
0.408236 2.57385
0.409012 2.57195
0.409788 2.57015
0.410564 2.56835
0.41134 2.56665
0.412117 2.56505
0.412893 2.56345
0.412893 2.56345
0.413669 2.56865
0.414445 2.57305
0.415221 2.57645
0.415998 2.57875
0.416774 2.58005
0.41755 2.58025
0.418326 2.57945
0.419102 2.57745
0.419878 2.57455
0.420655 2.57075
0.421431 2.56615
0.422207 2.56085
0.422983 2.55505
0.423759 2.54885
0.424536 2.54225
0.425312 2.53545
0.426088 2.52855
0.426864 2.52165
0.42764 2.51475
0.428416 2.50795
0.429193 2.50135
0.429969 2.49495
0.430745 2.48885
0.431521 2.48295
0.432297 2.47745
0.433073 2.47225
0.43385 2.46745
0.434626 2.46295
0.435402 2.45885
0.436178 2.45505
0.436954 2.45165
0.437731 2.44855
0.438507 2.44585
0.439283 2.44345
0.440059 2.44135
0.440835 2.43945
0.441611 2.43795
0.442388 2.43675
0.443164 2.43575
0.44394 2.43505
0.444716 2.43455
0.445492 2.43435
0.446268 2.43445
0.447045 2.43465
0.447821 2.43515
0.448597 2.43585
0.449373 2.43675
0.450149 2.43785
0.450926 2.43915
0.451702 2.44065
0.452478 2.44225
0.453254 2.44415
0.45403 2.44605
0.454806 2.44815
0.455583 2.45045
0.456359 2.45275
0.457135 2.45525
0.457911 2.45765
0.458687 2.46025
0.459463 2.46275
0.46024 2.46525
0.461016 2.46765
0.461792 2.46995
0.462568 2.47215
0.463344 2.47425
0.464121 2.47605
0.464897 2.47775
0.465673 2.47905
0.466449 2.48025
0.467225 2.48105
0.468001 2.48165
0.468778 2.48185
0.469554 2.48185
0.47033 2.48145
0.471106 2.48075
0.471882 2.47985
0.472658 2.47855
0.473435 2.47705
0.474211 2.47525
0.474987 2.47325
0.475763 2.47105
0.476539 2.46865
0.477316 2.46615
0.478092 2.46345
0.478868 2.46065
0.479644 2.45775
0.48042 2.45485
0.481196 2.45185
0.481973 2.44885
0.482749 2.44585
0.483525 2.44285
0.484301 2.43995
0.485077 2.43705
0.485854 2.43425
0.48663 2.43145
0.487406 2.42875
0.488182 2.42615
0.488958 2.42365
0.489734 2.42135
0.489734 2.42135
0.490832 2.42475
0.49193 2.42835
0.493027 2.43235
0.494125 2.43675
0.495223 2.44145
0.49632 2.44655
0.497418 2.45215
0.498516 2.45805
0.499614 2.46445
0.500711 2.47115
0.501809 2.47815
0.502907 2.48545
0.504004 2.49285
0.505102 2.50025
0.5062 2.50775
0.507297 2.51505
0.508395 2.52225
0.509493 2.52905
0.51059 2.53555
0.511688 2.54165
0.512786 2.54725
0.513883 2.55225
0.514981 2.55665
0.516079 2.56045
0.517176 2.56365
0.518274 2.56625
0.519372 2.56805
0.520469 2.56935
0.521567 2.57005
0.522665 2.57015
0.523762 2.56965
0.52486 2.56875
0.525958 2.56745
0.527056 2.56575
0.528153 2.56375
0.529251 2.56165
0.530349 2.55925
0.531446 2.55695
0.532544 2.55455
0.533642 2.55225
0.534739 2.55015
0.535837 2.54825
0.536935 2.54665
0.538032 2.54545
0.53913 2.54455
0.540228 2.54425
0.541325 2.54445
0.542423 2.54525
0.543521 2.54665
0.544618 2.54875
0.545716 2.55155
0.546814 2.55505
0.547911 2.55935
0.549009 2.56435
0.550107 2.57015
0.551204 2.57665
0.552302 2.58385
0.5534 2.59175
0.554498 2.60035
0.555595 2.60965
0.556693 2.61945
0.557791 2.62985
0.558888 2.64075
0.559986 2.65205
0.561084 2.66375
0.562181 2.67585
0.563279 2.68825
0.564377 2.70095
0.565474 2.71375
0.566572 2.72675
0.56767 2.73975
0.568767 2.75285
0.569865 2.76595
0.570963 2.77885
0.57206 2.79175
0.573158 2.80435
0.574256 2.81665
0.575353 2.82865
0.576451 2.84025
0.577549 2.85125
0.578647 2.86185
0.579744 2.87165
0.580842 2.88085
0.58194 2.88925
0.583037 2.89695
0.584135 2.90375
0.585233 2.90965
0.58633 2.91485
0.587428 2.91915
0.588526 2.92265
0.589623 2.92545
0.590721 2.92765
0.591819 2.92915
0.592916 2.93015
0.594014 2.93075
0.595112 2.93105
0.596209 2.93105
0.597307 2.93095
0.598405 2.93065
