# Band 32 from P4mcc-bands-soc.dat
# Original plotting-script index j = 31
# Energy column is E - E_F in eV; Fermi level is therefore at 0 eV in these files.
# Columns: k_distance  energy_minus_EF_eV
0 -6.65955
0.000776178 -6.65955
0.00155235 -6.65925
0.00232853 -6.65885
0.00310471 -6.65835
0.00388089 -6.65765
0.00465706 -6.65675
0.00543324 -6.65575
0.00620942 -6.65455
0.0069856 -6.65315
0.00776177 -6.65175
0.00853795 -6.65005
0.00931413 -6.64825
0.0100903 -6.64625
0.0108665 -6.64415
0.0116427 -6.64185
0.0124188 -6.63945
0.013195 -6.63685
0.0139712 -6.63415
0.0147474 -6.63125
0.0155235 -6.62825
0.0162997 -6.62505
0.0170759 -6.62165
0.0178521 -6.61815
0.0186283 -6.61455
0.0194044 -6.61075
0.0201806 -6.60675
0.0209568 -6.60265
0.021733 -6.59835
0.0225091 -6.59395
0.0232853 -6.58935
0.0240615 -6.58465
0.0248377 -6.57975
0.0256138 -6.57465
0.02639 -6.56945
0.0271662 -6.56405
0.0279424 -6.55855
0.0287186 -6.55275
0.0294947 -6.54685
0.0302709 -6.54085
0.0310471 -6.53465
0.0318233 -6.52835
0.0325994 -6.52185
0.0333756 -6.51535
0.0341518 -6.50875
0.034928 -6.50215
0.0357042 -6.49555
0.0364803 -6.48885
0.0372565 -6.48225
0.0380327 -6.47565
0.0388089 -6.46905
0.039585 -6.46245
0.0403612 -6.45595
0.0411374 -6.44935
0.0419136 -6.44285
0.0426897 -6.43625
0.0434659 -6.42965
0.0442421 -6.42305
0.0450183 -6.41635
0.0457945 -6.40965
0.0465706 -6.40285
0.0473468 -6.39605
0.048123 -6.38915
0.0488992 -6.38225
0.0496753 -6.37535
0.0504515 -6.36845
0.0512277 -6.36155
0.0520039 -6.35455
0.0527801 -6.34775
0.0535562 -6.34085
0.0543324 -6.33405
0.0551086 -6.32725
0.0558848 -6.32055
0.0566609 -6.31395
0.0574371 -6.30745
0.0582133 -6.30105
0.0589895 -6.29475
0.0597656 -6.28855
0.0605418 -6.28255
0.061318 -6.27665
0.0620942 -6.27095
0.0628704 -6.26545
0.0636465 -6.26015
0.0644227 -6.25505
0.0651989 -6.25015
0.0659751 -6.24555
0.0667512 -6.24115
0.0675274 -6.23705
0.0683036 -6.23325
0.0690798 -6.22965
0.069856 -6.22645
0.0706321 -6.22345
0.0714083 -6.22085
0.0721845 -6.21855
0.0729607 -6.21665
0.0737368 -6.21505
0.074513 -6.21375
0.0752892 -6.21285
0.0760654 -6.21235
0.0768415 -6.21215
0.0768415 -6.21215
0.0776177 -6.21205
0.0783939 -6.21175
0.0791701 -6.21125
0.0799463 -6.21065
0.0807224 -6.20975
0.0814986 -6.20875
0.0822748 -6.20755
0.083051 -6.20605
0.0838271 -6.20445
0.0846033 -6.20265
0.0853795 -6.20075
0.0861557 -6.19855
0.0869319 -6.19615
0.087708 -6.19365
0.0884842 -6.19095
0.0892604 -6.18795
0.0900366 -6.18485
0.0908127 -6.18155
0.0915889 -6.17815
0.0923651 -6.17445
0.0931413 -6.17055
0.0939174 -6.16655
0.0946936 -6.16235
0.0954698 -6.15795
0.096246 -6.15335
0.0970222 -6.14865
0.0977983 -6.14365
0.0985745 -6.13855
0.0993507 -6.13325
0.100127 -6.12775
0.100903 -6.12215
0.101679 -6.11625
0.102455 -6.11025
0.103232 -6.10405
0.104008 -6.09775
0.104784 -6.09115
0.10556 -6.08445
0.106336 -6.07765
0.107112 -6.07055
0.107889 -6.06335
0.108665 -6.05055
0.109441 -6.03355
0.110217 -6.01615
0.110993 -5.99835
0.11177 -5.98035
0.112546 -5.96185
0.113322 -5.94315
0.114098 -5.92405
0.114874 -5.90475
0.11565 -5.88505
0.116427 -5.86505
0.117203 -5.84475
0.117979 -5.82415
0.118755 -5.80325
0.119531 -5.78215
0.120307 -5.76075
0.121084 -5.73915
0.12186 -5.71715
0.122636 -5.69505
0.123412 -5.67265
0.124188 -5.65005
0.124965 -5.62725
0.125741 -5.60425
0.126517 -5.58105
0.127293 -5.55765
0.128069 -5.53415
0.128845 -5.51045
0.129622 -5.48655
0.130398 -5.46265
0.131174 -5.43855
0.13195 -5.41445
0.132726 -5.39025
0.133502 -5.36595
0.134279 -5.34165
0.135055 -5.31735
0.135831 -5.29305
0.136607 -5.26885
0.137383 -5.24475
0.13816 -5.22075
0.138936 -5.19695
0.139712 -5.17335
0.140488 -5.15005
0.141264 -5.12705
0.14204 -5.10455
0.142817 -5.08255
0.143593 -5.06125
0.144369 -5.04065
0.145145 -5.02085
0.145921 -5.00225
0.146697 -4.98475
0.147474 -4.96865
0.14825 -4.95415
0.149026 -4.94155
0.149802 -4.93165
0.150578 -4.92615
0.151355 -4.92495
0.152131 -4.92535
0.152907 -4.92585
0.153683 -4.92605
0.153683 -4.92605
0.154781 -4.92565
0.155878 -4.92455
0.156976 -4.92305
0.158074 -4.92915
0.159171 -4.94365
0.160269 -4.96065
0.161367 -4.97965
0.162465 -5.00035
0.163562 -5.02235
0.16466 -5.04565
0.165758 -5.06985
0.166855 -5.09495
0.167953 -5.12075
0.169051 -5.14715
0.170148 -5.17405
0.171246 -5.20145
0.172344 -5.22915
0.173441 -5.25715
0.174539 -5.28555
0.175637 -5.31415
0.176734 -5.34295
0.177832 -5.37195
0.17893 -5.40105
0.180027 -5.43025
0.181125 -5.45955
0.182223 -5.48885
0.18332 -5.51815
0.184418 -5.54745
0.185516 -5.57665
0.186614 -5.60565
0.187711 -5.63455
0.188809 -5.66325
0.189907 -5.69175
0.191004 -5.72005
0.192102 -5.74805
0.1932 -5.77575
0.194297 -5.80315
0.195395 -5.83025
0.196493 -5.85695
0.19759 -5.88345
0.198688 -5.90945
0.199786 -5.93515
0.200883 -5.96055
0.201981 -5.98545
0.203079 -6.01005
0.204176 -6.03425
0.205274 -6.05805
0.206372 -6.08155
0.207469 -6.10455
0.208567 -6.12725
0.209665 -6.14955
0.210762 -6.17155
0.21186 -6.19305
0.212958 -6.21425
0.214056 -6.23505
0.215153 -6.25555
0.216251 -6.27565
0.217349 -6.29545
0.218446 -6.31485
0.219544 -6.33395
0.220642 -6.35265
0.221739 -6.37105
0.222837 -6.38905
0.223935 -6.40675
0.225032 -6.42405
0.22613 -6.44105
0.227228 -6.45755
0.228325 -6.47375
0.229423 -6.48945
0.230521 -6.50475
0.231618 -6.51955
0.232716 -6.53355
0.233814 -6.54645
0.234911 -6.55765
0.236009 -6.56705
0.237107 -6.57525
0.238204 -6.58275
0.239302 -6.58975
0.2404 -6.59635
0.241498 -6.60255
0.242595 -6.60845
0.243693 -6.61395
0.244791 -6.61915
0.245888 -6.62405
0.246986 -6.62865
0.248084 -6.63295
0.249181 -6.63685
0.250279 -6.64045
0.251377 -6.64375
0.252474 -6.64675
0.253572 -6.64945
0.25467 -6.65185
0.255767 -6.65385
0.256865 -6.65565
0.257963 -6.65705
0.25906 -6.65815
0.260158 -6.65895
0.261256 -6.65945
0.262353 -6.65955
0.262353 -6.65955
0.263098 -6.65935
0.263842 -6.65855
0.264587 -6.65725
0.265331 -6.65545
0.266076 -6.65305
0.26682 -6.65015
0.267564 -6.64685
0.268309 -6.64295
0.269053 -6.63845
0.269798 -6.63355
0.270542 -6.62815
0.271287 -6.62215
0.272031 -6.61575
0.272775 -6.60875
0.27352 -6.60125
0.274264 -6.59335
0.275009 -6.58485
0.275753 -6.57595
0.276497 -6.56645
0.277242 -6.55655
0.277986 -6.54615
0.278731 -6.53525
0.279475 -6.52385
0.28022 -6.51195
0.280964 -6.49965
0.281708 -6.48695
0.282453 -6.47365
0.283197 -6.46005
0.283942 -6.44585
0.284686 -6.43135
0.285431 -6.41635
0.286175 -6.40085
0.286919 -6.38505
0.287664 -6.36875
0.288408 -6.35205
0.289153 -6.33505
0.289897 -6.31755
0.290642 -6.29965
0.291386 -6.28135
0.29213 -6.26275
0.292875 -6.24375
0.293619 -6.22445
0.294364 -6.20475
0.295108 -6.18475
0.295852 -6.16435
0.296597 -6.14375
0.297341 -6.12275
0.298086 -6.10155
0.29883 -6.08005
0.299575 -6.05835
0.300319 -6.03635
0.301063 -6.01415
0.301808 -5.99185
0.302552 -5.96925
0.303297 -5.96395
0.304041 -5.96485
0.304786 -5.96565
0.30553 -5.96625
0.306274 -5.96675
0.307019 -5.96715
0.307763 -5.96735
0.308508 -5.96745
0.309252 -5.96735
0.309997 -5.96705
0.310741 -5.96675
0.311485 -5.96615
0.31223 -5.96545
0.312974 -5.96455
0.313719 -5.96355
0.314463 -5.96235
0.315207 -5.96095
0.315952 -5.95935
0.316696 -5.95765
0.317441 -5.95575
0.318185 -5.95375
0.31893 -5.95145
0.319674 -5.94905
0.320418 -5.94645
0.321163 -5.94375
0.321907 -5.94075
0.322652 -5.93765
0.323396 -5.93435
0.324141 -5.93085
0.324885 -5.92715
0.325629 -5.92335
0.326374 -5.91935
0.327118 -5.91515
0.327863 -5.91075
0.328607 -5.90615
0.329351 -5.90135
0.330096 -5.89645
0.33084 -5.89135
0.331585 -5.88605
0.332329 -5.88055
0.333074 -5.87485
0.333818 -5.86905
0.334562 -5.86305
0.335307 -5.85685
0.336051 -5.85695
0.336051 -5.85695
0.336827 -5.85675
0.337604 -5.85655
0.33838 -5.85635
0.339156 -5.85665
0.339932 -5.85775
0.340708 -5.85965
0.341485 -5.86215
0.342261 -5.86525
0.343037 -5.86875
0.343813 -5.87265
0.344589 -5.87695
0.345365 -5.88155
0.346142 -5.88665
0.346918 -5.89195
0.347694 -5.89765
0.34847 -5.90365
0.349246 -5.90985
0.350022 -5.91635
0.350799 -5.92315
0.351575 -5.93005
0.352351 -5.93715
0.353127 -5.94455
0.353903 -5.95205
0.35468 -5.95965
0.355456 -5.96735
0.356232 -5.97525
0.357008 -5.98325
0.357784 -5.99125
0.35856 -5.99935
0.359337 -6.00745
0.360113 -6.01565
0.360889 -6.02385
0.361665 -6.03205
0.362441 -6.04035
0.363218 -6.04855
0.363994 -6.05665
0.36477 -6.06485
0.365546 -6.07295
0.366322 -6.08095
0.367098 -6.08895
0.367875 -6.09685
0.368651 -6.10475
0.369427 -6.11255
0.370203 -6.12015
0.370979 -6.12775
0.371755 -6.13525
0.372532 -6.14265
0.373308 -6.14985
0.374084 -6.15705
0.37486 -6.16405
0.375636 -6.17095
0.376413 -6.17775
0.377189 -6.18435
0.377965 -6.19095
0.378741 -6.19725
0.379517 -6.20355
0.380293 -6.20965
0.38107 -6.21565
0.381846 -6.22145
0.382622 -6.22705
0.383398 -6.23265
0.384174 -6.23805
0.38495 -6.24325
0.385727 -6.24835
0.386503 -6.25325
0.387279 -6.25805
0.388055 -6.26275
0.388831 -6.26725
0.389608 -6.27155
0.390384 -6.27575
0.39116 -6.27985
0.391936 -6.28375
0.392712 -6.28755
0.393488 -6.29115
0.394265 -6.29465
0.395041 -6.29795
0.395817 -6.30115
0.396593 -6.30415
0.397369 -6.30705
0.398145 -6.30985
0.398922 -6.31245
0.399698 -6.31495
0.400474 -6.31735
0.40125 -6.31955
0.402026 -6.32165
0.402803 -6.32355
0.403579 -6.32545
0.404355 -6.32715
0.405131 -6.32865
0.405907 -6.33005
0.406683 -6.33135
0.40746 -6.33255
0.408236 -6.33355
0.409012 -6.33445
0.409788 -6.33525
0.410564 -6.33585
0.41134 -6.33645
0.412117 -6.33685
0.412893 -6.33705
0.412893 -6.33705
0.413669 -6.33655
0.414445 -6.33565
0.415221 -6.33435
0.415998 -6.33255
0.416774 -6.33035
0.41755 -6.32775
0.418326 -6.32465
0.419102 -6.32115
0.419878 -6.31725
0.420655 -6.31295
0.421431 -6.30815
0.422207 -6.30295
0.422983 -6.29735
0.423759 -6.29125
0.424536 -6.28485
0.425312 -6.27795
0.426088 -6.27065
0.426864 -6.26295
0.42764 -6.25475
0.428416 -6.24625
0.429193 -6.23725
0.429969 -6.22785
0.430745 -6.21815
0.431521 -6.20795
0.432297 -6.19735
0.433073 -6.18635
0.43385 -6.17495
0.434626 -6.16315
0.435402 -6.15095
0.436178 -6.13835
0.436954 -6.12545
0.437731 -6.11205
0.438507 -6.09835
0.439283 -6.08425
0.440059 -6.06975
0.440835 -6.05495
0.441611 -6.03975
0.442388 -6.02415
0.443164 -6.00825
0.44394 -5.99195
0.444716 -5.97525
0.445492 -5.95835
0.446268 -5.94095
0.447045 -5.92335
0.447821 -5.90535
0.448597 -5.88705
0.449373 -5.86845
0.450149 -5.84945
0.450926 -5.83025
0.451702 -5.81065
0.452478 -5.79075
0.453254 -5.77065
0.45403 -5.75025
0.454806 -5.72945
0.455583 -5.70845
0.456359 -5.68725
0.457135 -5.66565
0.457911 -5.64385
0.458687 -5.62185
0.459463 -5.59955
0.46024 -5.57695
0.461016 -5.55425
0.461792 -5.53125
0.462568 -5.50805
0.463344 -5.48455
0.464121 -5.46095
0.464897 -5.43715
0.465673 -5.41305
0.466449 -5.38885
0.467225 -5.36445
0.468001 -5.33995
0.468778 -5.31525
0.469554 -5.29035
0.47033 -5.26535
0.471106 -5.24015
0.471882 -5.21495
0.472658 -5.18955
0.473435 -5.16405
0.474211 -5.13845
0.474987 -5.11285
0.475763 -5.08715
0.476539 -5.06135
0.477316 -5.03565
0.478092 -5.00985
0.478868 -4.98405
0.479644 -4.95845
0.48042 -4.93285
0.481196 -4.90735
0.481973 -4.88215
0.482749 -4.85725
0.483525 -4.83285
0.484301 -4.80905
0.485077 -4.78625
0.485854 -4.76505
0.48663 -4.74615
0.487406 -4.73095
0.488182 -4.72125
0.488958 -4.71825
0.489734 -4.72225
0.489734 -4.72225
0.490832 -4.71855
0.49193 -4.72795
0.493027 -4.74805
0.494125 -4.77465
0.495223 -4.80485
0.49632 -4.83705
0.497418 -4.87045
0.498516 -4.90455
0.499614 -4.93905
0.500711 -4.97375
0.501809 -5.00855
0.502907 -5.04335
0.504004 -5.07805
0.505102 -5.11255
0.5062 -5.14695
0.507297 -5.18095
0.508395 -5.21475
0.509493 -5.24815
0.51059 -5.28125
0.511688 -5.31385
0.512786 -5.34605
0.513883 -5.37785
0.514981 -5.40905
0.516079 -5.43975
0.517176 -5.46985
0.518274 -5.49945
0.519372 -5.52845
0.520469 -5.55675
0.521567 -5.58445
0.522665 -5.61145
0.523762 -5.63775
0.52486 -5.66335
0.525958 -5.68815
0.527056 -5.71225
0.528153 -5.73565
0.529251 -5.75815
0.530349 -5.77985
0.531446 -5.80075
0.532544 -5.82085
0.533642 -5.84005
0.534739 -5.85845
0.535837 -5.87595
0.536935 -5.89255
0.538032 -5.90825
0.53913 -5.92315
0.540228 -5.93705
0.541325 -5.95005
0.542423 -5.96215
0.543521 -5.97335
0.544618 -5.98355
0.545716 -5.99295
0.546814 -6.00145
0.547911 -6.00905
0.549009 -6.01565
0.550107 -6.02145
0.551204 -6.02645
0.552302 -6.03045
0.5534 -6.03375
0.554498 -6.03615
0.555595 -6.03775
0.556693 -6.03855
0.557791 -6.03865
0.558888 -6.03795
0.559986 -6.03655
0.561084 -6.03445
0.562181 -6.03175
0.563279 -6.02845
0.564377 -6.02445
0.565474 -6.02005
0.566572 -6.01505
0.56767 -6.00955
0.568767 -6.00365
0.569865 -5.99745
0.570963 -5.99075
0.57206 -5.98385
0.573158 -5.97665
0.574256 -5.96925
0.575353 -5.96175
0.576451 -5.95405
0.577549 -5.94635
0.578647 -5.93865
0.579744 -5.93095
0.580842 -5.92325
0.58194 -5.91575
0.583037 -5.90845
0.584135 -5.90145
0.585233 -5.89465
0.58633 -5.88825
0.587428 -5.88235
0.588526 -5.87675
0.589623 -5.87165
0.590721 -5.86705
0.591819 -5.86295
0.592916 -5.85945
0.594014 -5.85665
0.595112 -5.85545
0.596209 -5.85605
0.597307 -5.85665
0.598405 -5.85695
