# Band 48 from P4mcc-bands-soc.dat
# Original plotting-script index j = 47
# Energy column is E - E_F in eV; Fermi level is therefore at 0 eV in these files.
# Columns: k_distance  energy_minus_EF_eV
0 -3.64245
0.000776178 -3.64055
0.00155235 -3.63615
0.00232853 -3.63055
0.00310471 -3.62465
0.00388089 -3.61875
0.00465706 -3.61305
0.00543324 -3.60765
0.00620942 -3.60255
0.0069856 -3.59785
0.00776177 -3.59355
0.00853795 -3.58945
0.00931413 -3.58555
0.0100903 -3.58175
0.0108665 -3.57795
0.0116427 -3.57415
0.0124188 -3.57025
0.013195 -3.56635
0.0139712 -3.56225
0.0147474 -3.55825
0.0155235 -3.55405
0.0162997 -3.55005
0.0170759 -3.54595
0.0178521 -3.54205
0.0186283 -3.53815
0.0194044 -3.53445
0.0201806 -3.53085
0.0209568 -3.52735
0.021733 -3.52395
0.0225091 -3.52075
0.0232853 -3.51765
0.0240615 -3.51455
0.0248377 -3.51165
0.0256138 -3.50875
0.02639 -3.50595
0.0271662 -3.50315
0.0279424 -3.50045
0.0287186 -3.49775
0.0294947 -3.49515
0.0302709 -3.49255
0.0310471 -3.48985
0.0318233 -3.48725
0.0325994 -3.48465
0.0333756 -3.48195
0.0341518 -3.47925
0.034928 -3.47655
0.0357042 -3.47385
0.0364803 -3.47095
0.0372565 -3.46805
0.0380327 -3.46495
0.0388089 -3.46175
0.039585 -3.45825
0.0403612 -3.45455
0.0411374 -3.45035
0.0419136 -3.44555
0.0426897 -3.43995
0.0434659 -3.43315
0.0442421 -3.42475
0.0450183 -3.41435
0.0457945 -3.40165
0.0465706 -3.38685
0.0473468 -3.37015
0.048123 -3.35215
0.0488992 -3.33315
0.0496753 -3.31365
0.0504515 -3.29375
0.0512277 -3.27375
0.0520039 -3.25415
0.0527801 -3.23525
0.0535562 -3.21775
0.0543324 -3.20275
0.0551086 -3.19165
0.0558848 -3.18515
0.0566609 -3.18255
0.0574371 -3.18225
0.0582133 -3.18345
0.0589895 -3.18575
0.0597656 -3.18875
0.0605418 -3.19265
0.061318 -3.19775
0.0620942 -3.20435
0.0628704 -3.21285
0.0636465 -3.22325
0.0644227 -3.23525
0.0651989 -3.24785
0.0659751 -3.26035
0.0667512 -3.27225
0.0675274 -3.28295
0.0683036 -3.29235
0.0690798 -3.30025
0.069856 -3.30685
0.0706321 -3.31215
0.0714083 -3.31635
0.0721845 -3.31955
0.0729607 -3.32205
0.0737368 -3.32395
0.074513 -3.32525
0.0752892 -3.32615
0.0760654 -3.32675
0.0768415 -3.32685
0.0768415 -3.32685
0.0776177 -3.32705
0.0783939 -3.32755
0.0791701 -3.32845
0.0799463 -3.32965
0.0807224 -3.33125
0.0814986 -3.33345
0.0822748 -3.33615
0.083051 -3.33945
0.0838271 -3.34375
0.0846033 -3.34905
0.0853795 -3.35555
0.0861557 -3.36355
0.0869319 -3.37305
0.087708 -3.38395
0.0884842 -3.39595
0.0892604 -3.40875
0.0900366 -3.42215
0.0908127 -3.43575
0.0915889 -3.44915
0.0923651 -3.46195
0.0931413 -3.47375
0.0939174 -3.48385
0.0946936 -3.49185
0.0954698 -3.49725
0.096246 -3.50025
0.0970222 -3.50125
0.0977983 -3.50055
0.0985745 -3.49855
0.0993507 -3.49525
0.100127 -3.49095
0.100903 -3.48565
0.101679 -3.47945
0.102455 -3.47235
0.103232 -3.46435
0.104008 -3.45555
0.104784 -3.44625
0.10556 -3.43655
0.106336 -3.42705
0.107112 -3.41895
0.107889 -3.41475
0.108665 -3.41445
0.109441 -3.41585
0.110217 -3.41795
0.110993 -3.42035
0.11177 -3.42275
0.112546 -3.42525
0.113322 -3.42765
0.114098 -3.43005
0.114874 -3.43245
0.11565 -3.43485
0.116427 -3.43715
0.117203 -3.43945
0.117979 -3.44175
0.118755 -3.44395
0.119531 -3.44625
0.120307 -3.44845
0.121084 -3.45075
0.12186 -3.45295
0.122636 -3.45525
0.123412 -3.45755
0.124188 -3.45985
0.124965 -3.46225
0.125741 -3.46485
0.126517 -3.46815
0.127293 -3.47935
0.128069 -3.49735
0.128845 -3.51565
0.129622 -3.53355
0.130398 -3.55075
0.131174 -3.56725
0.13195 -3.58265
0.132726 -3.59705
0.133502 -3.61035
0.134279 -3.62245
0.135055 -3.63335
0.135831 -3.64315
0.136607 -3.65195
0.137383 -3.65965
0.13816 -3.66655
0.138936 -3.67265
0.139712 -3.67805
0.140488 -3.68275
0.141264 -3.68685
0.14204 -3.69045
0.142817 -3.69355
0.143593 -3.69615
0.144369 -3.69835
0.145145 -3.70015
0.145921 -3.70155
0.146697 -3.70265
0.147474 -3.70345
0.14825 -3.70395
0.149026 -3.70425
0.149802 -3.70435
0.150578 -3.70435
0.151355 -3.70435
0.152131 -3.70425
0.152907 -3.70415
0.153683 -3.70405
0.153683 -3.70405
0.154781 -3.70415
0.155878 -3.70435
0.156976 -3.70455
0.158074 -3.70475
0.159171 -3.70495
0.160269 -3.70495
0.161367 -3.70475
0.162465 -3.70435
0.163562 -3.70355
0.16466 -3.70235
0.165758 -3.70075
0.166855 -3.69865
0.167953 -3.69595
0.169051 -3.69285
0.170148 -3.68905
0.171246 -3.68475
0.172344 -3.67995
0.173441 -3.67465
0.174539 -3.66875
0.175637 -3.66255
0.176734 -3.65585
0.177832 -3.64875
0.17893 -3.64145
0.180027 -3.63375
0.181125 -3.62585
0.182223 -3.61765
0.18332 -3.60925
0.184418 -3.60065
0.185516 -3.59185
0.186614 -3.58285
0.187711 -3.57365
0.188809 -3.56435
0.189907 -3.55495
0.191004 -3.54545
0.192102 -3.53595
0.1932 -3.52635
0.194297 -3.51675
0.195395 -3.50725
0.196493 -3.49795
0.19759 -3.48875
0.198688 -3.47995
0.199786 -3.47155
0.200883 -3.46365
0.201981 -3.45645
0.203079 -3.45015
0.204176 -3.44485
0.205274 -3.44075
0.206372 -3.43805
0.207469 -3.43675
0.208567 -3.43715
0.209665 -3.43915
0.210762 -3.44275
0.21186 -3.44775
0.212958 -3.45405
0.214056 -3.46155
0.215153 -3.46995
0.216251 -3.47905
0.217349 -3.48875
0.218446 -3.49895
0.219544 -3.50955
0.220642 -3.52025
0.221739 -3.53125
0.222837 -3.54235
0.223935 -3.55345
0.225032 -3.56455
0.22613 -3.57555
0.227228 -3.58645
0.228325 -3.59725
0.229423 -3.60775
0.230521 -3.61785
0.231618 -3.62765
0.232716 -3.63655
0.233814 -3.64435
0.234911 -3.64975
0.236009 -3.65125
0.237107 -3.64845
0.238204 -3.64285
0.239302 -3.63625
0.2404 -3.62935
0.241498 -3.62255
0.242595 -3.61625
0.243693 -3.61035
0.244791 -3.60505
0.245888 -3.60045
0.246986 -3.59665
0.248084 -3.59365
0.249181 -3.59155
0.250279 -3.59045
0.251377 -3.59035
0.252474 -3.59145
0.253572 -3.59375
0.25467 -3.59735
0.255767 -3.60215
0.256865 -3.60825
0.257963 -3.61535
0.25906 -3.62335
0.260158 -3.63155
0.261256 -3.63895
0.262353 -3.64245
0.262353 -3.64245
0.263098 -3.64295
0.263842 -3.64465
0.264587 -3.64725
0.265331 -3.65065
0.266076 -3.65475
0.26682 -3.65935
0.267564 -3.66435
0.268309 -3.66585
0.269053 -3.66475
0.269798 -3.66335
0.270542 -3.66165
0.271287 -3.65955
0.272031 -3.65725
0.272775 -3.65445
0.27352 -3.65135
0.274264 -3.64775
0.275009 -3.64375
0.275753 -3.63925
0.276497 -3.63415
0.277242 -3.62865
0.277986 -3.62255
0.278731 -3.61595
0.279475 -3.60885
0.28022 -3.60115
0.280964 -3.59295
0.281708 -3.58425
0.282453 -3.57505
0.283197 -3.56525
0.283942 -3.55495
0.284686 -3.54425
0.285431 -3.53305
0.286175 -3.52135
0.286919 -3.50925
0.287664 -3.49675
0.288408 -3.48385
0.289153 -3.47055
0.289897 -3.45685
0.290642 -3.44285
0.291386 -3.42845
0.29213 -3.41375
0.292875 -3.39885
0.293619 -3.38355
0.294364 -3.36805
0.295108 -3.35235
0.295852 -3.33645
0.296597 -3.32025
0.297341 -3.30395
0.298086 -3.28745
0.29883 -3.27075
0.299575 -3.25405
0.300319 -3.23715
0.301063 -3.22025
0.301808 -3.20325
0.302552 -3.18625
0.303297 -3.16925
0.304041 -3.15225
0.304786 -3.13525
0.30553 -3.11845
0.306274 -3.10215
0.307019 -3.09265
0.307763 -3.08305
0.308508 -3.07345
0.309252 -3.08485
0.309997 -3.12185
0.310741 -3.15895
0.311485 -3.19615
0.31223 -3.23345
0.312974 -3.27085
0.313719 -3.30815
0.314463 -3.34555
0.315207 -3.38295
0.315952 -3.42035
0.316696 -3.45765
0.317441 -3.49485
0.318185 -3.53205
0.31893 -3.56915
0.319674 -3.60605
0.320418 -3.64275
0.321163 -3.67935
0.321907 -3.71565
0.322652 -3.75165
0.323396 -3.78725
0.324141 -3.82255
0.324885 -3.85715
0.325629 -3.89115
0.326374 -3.92435
0.327118 -3.95635
0.327863 -3.98705
0.328607 -4.01605
0.329351 -4.04295
0.330096 -4.06725
0.33084 -4.08865
0.331585 -4.10725
0.332329 -4.12305
0.333074 -4.13645
0.333818 -4.14785
0.334562 -4.15755
0.335307 -4.16595
0.336051 -4.17325
0.336051 -4.17325
0.336827 -4.17315
0.337604 -4.17275
0.33838 -4.17205
0.339156 -4.17125
0.339932 -4.17005
0.340708 -4.16855
0.341485 -4.16665
0.342261 -4.16435
0.343037 -4.16165
0.343813 -4.15825
0.344589 -4.15445
0.345365 -4.14995
0.346142 -4.14475
0.346918 -4.13885
0.347694 -4.13225
0.34847 -4.12495
0.349246 -4.11675
0.350022 -4.10785
0.350799 -4.09825
0.351575 -4.08785
0.352351 -4.07665
0.353127 -4.06475
0.353903 -4.05215
0.35468 -4.03885
0.355456 -4.02495
0.356232 -4.01045
0.357008 -3.99535
0.357784 -3.97965
0.35856 -3.96345
0.359337 -3.94685
0.360113 -3.92965
0.360889 -3.91215
0.361665 -3.89425
0.362441 -3.87595
0.363218 -3.85735
0.363994 -3.83835
0.36477 -3.81915
0.365546 -3.79975
0.366322 -3.78005
0.367098 -3.76025
0.367875 -3.74025
0.368651 -3.72015
0.369427 -3.69985
0.370203 -3.67955
0.370979 -3.65925
0.371755 -3.63885
0.372532 -3.61845
0.373308 -3.59815
0.374084 -3.57785
0.37486 -3.55765
0.375636 -3.53765
0.376413 -3.51775
0.377189 -3.49815
0.377965 -3.47875
0.378741 -3.45955
0.379517 -3.44075
0.380293 -3.42235
0.38107 -3.40435
0.381846 -3.38695
0.382622 -3.37015
0.383398 -3.35425
0.384174 -3.33955
0.38495 -3.32685
0.385727 -3.31745
0.386503 -3.31395
0.387279 -3.31755
0.388055 -3.32615
0.388831 -3.33735
0.389608 -3.34975
0.390384 -3.36295
0.39116 -3.37655
0.391936 -3.39045
0.392712 -3.40445
0.393488 -3.41865
0.394265 -3.43295
0.395041 -3.44725
0.395817 -3.46165
0.396593 -3.47595
0.397369 -3.49025
0.398145 -3.50445
0.398922 -3.51865
0.399698 -3.53265
0.400474 -3.54655
0.40125 -3.56015
0.402026 -3.57355
0.402803 -3.58665
0.403579 -3.59935
0.404355 -3.61165
0.405131 -3.62345
0.405907 -3.63475
0.406683 -3.64535
0.40746 -3.65525
0.408236 -3.66435
0.409012 -3.67265
0.409788 -3.67985
0.410564 -3.68605
0.41134 -3.69105
0.412117 -3.69485
0.412893 -3.69745
0.412893 -3.69745
0.413669 -3.69735
0.414445 -3.69715
0.415221 -3.69695
0.415998 -3.69675
0.416774 -3.69645
0.41755 -3.69615
0.418326 -3.69575
0.419102 -3.69535
0.419878 -3.69485
0.420655 -3.69435
0.421431 -3.69375
0.422207 -3.69315
0.422983 -3.69255
0.423759 -3.69185
0.424536 -3.69115
0.425312 -3.69035
0.426088 -3.68955
0.426864 -3.68875
0.42764 -3.68785
0.428416 -3.68695
0.429193 -3.68595
0.429969 -3.68505
0.430745 -3.68405
0.431521 -3.68305
0.432297 -3.68195
0.433073 -3.68085
0.43385 -3.67985
0.434626 -3.67875
0.435402 -3.67765
0.436178 -3.67655
0.436954 -3.67545
0.437731 -3.67425
0.438507 -3.67315
0.439283 -3.67215
0.440059 -3.67105
0.440835 -3.66995
0.441611 -3.66895
0.442388 -3.66795
0.443164 -3.66655
0.44394 -3.66525
0.444716 -3.66385
0.445492 -3.66245
0.446268 -3.66115
0.447045 -3.65975
0.447821 -3.65845
0.448597 -3.65705
0.449373 -3.65575
0.450149 -3.65445
0.450926 -3.65315
0.451702 -3.65195
0.452478 -3.65065
0.453254 -3.64945
0.45403 -3.64825
0.454806 -3.64715
0.455583 -3.64595
0.456359 -3.64485
0.457135 -3.64365
0.457911 -3.64245
0.458687 -3.64125
0.459463 -3.64005
0.46024 -3.63875
0.461016 -3.63725
0.461792 -3.63575
0.462568 -3.63405
0.463344 -3.63205
0.464121 -3.62995
0.464897 -3.62755
0.465673 -3.62485
0.466449 -3.62175
0.467225 -3.61845
0.468001 -3.61475
0.468778 -3.61075
0.469554 -3.60645
0.47033 -3.60185
0.471106 -3.59695
0.471882 -3.59175
0.472658 -3.58645
0.473435 -3.58075
0.474211 -3.57505
0.474987 -3.56905
0.475763 -3.56305
0.476539 -3.55685
0.477316 -3.55065
0.478092 -3.54445
0.478868 -3.53825
0.479644 -3.53205
0.48042 -3.52595
0.481196 -3.52015
0.481973 -3.51445
0.482749 -3.50905
0.483525 -3.50415
0.484301 -3.49965
0.485077 -3.49585
0.485854 -3.49265
0.48663 -3.49035
0.487406 -3.48865
0.488182 -3.48785
0.488958 -3.48765
0.489734 -3.48825
0.489734 -3.48825
0.490832 -3.48775
0.49193 -3.48905
0.493027 -3.49265
0.494125 -3.49825
0.495223 -3.50545
0.49632 -3.51365
0.497418 -3.52245
0.498516 -3.53175
0.499614 -3.54135
0.500711 -3.55105
0.501809 -3.56085
0.502907 -3.57065
0.504004 -3.58035
0.505102 -3.58985
0.5062 -3.59915
0.507297 -3.60695
0.508395 -3.61165
0.509493 -3.61475
0.51059 -3.61595
0.511688 -3.61505
0.512786 -3.61195
0.513883 -3.60705
0.514981 -3.60075
0.516079 -3.59355
0.517176 -3.58635
0.518274 -3.57985
0.519372 -3.57465
0.520469 -3.57135
0.521567 -3.56995
0.522665 -3.57045
0.523762 -3.57285
0.52486 -3.57675
0.525958 -3.58205
0.527056 -3.58865
0.528153 -3.59615
0.529251 -3.60465
0.530349 -3.61385
0.531446 -3.62375
0.532544 -3.63435
0.533642 -3.64535
0.534739 -3.65695
0.535837 -3.66855
0.536935 -3.67715
0.538032 -3.68635
0.53913 -3.69615
0.540228 -3.70655
0.541325 -3.71735
0.542423 -3.72865
0.543521 -3.74025
0.544618 -3.75225
0.545716 -3.76445
0.546814 -3.77685
0.547911 -3.78945
0.549009 -3.80225
0.550107 -3.81515
0.551204 -3.82815
0.552302 -3.84115
0.5534 -3.85425
0.554498 -3.86725
0.555595 -3.88025
0.556693 -3.89325
0.557791 -3.90605
0.558888 -3.91885
0.559986 -3.93145
0.561084 -3.94395
0.562181 -3.95625
0.563279 -3.96835
0.564377 -3.98015
0.565474 -3.99185
0.566572 -4.00325
0.56767 -4.01435
0.568767 -4.02515
0.569865 -4.03575
0.570963 -4.04595
0.57206 -4.05575
0.573158 -4.06525
0.574256 -4.07445
0.575353 -4.08325
0.576451 -4.09155
0.577549 -4.09955
0.578647 -4.10715
0.579744 -4.11435
0.580842 -4.12105
0.58194 -4.12745
0.583037 -4.13335
0.584135 -4.13885
0.585233 -4.14395
0.58633 -4.14855
0.587428 -4.15285
0.588526 -4.15665
0.589623 -4.16005
0.590721 -4.16305
0.591819 -4.16575
0.592916 -4.16795
0.594014 -4.16975
0.595112 -4.17125
0.596209 -4.17225
0.597307 -4.17295
0.598405 -4.17325
