# Band 40 from P4mcc-bands-soc.dat
# Original plotting-script index j = 39
# Energy column is E - E_F in eV; Fermi level is therefore at 0 eV in these files.
# Columns: k_distance  energy_minus_EF_eV
0 -4.55985
0.000776178 -4.56005
0.00155235 -4.56055
0.00232853 -4.56135
0.00310471 -4.56215
0.00388089 -4.56315
0.00465706 -4.56415
0.00543324 -4.56515
0.00620942 -4.56615
0.0069856 -4.56705
0.00776177 -4.56795
0.00853795 -4.56885
0.00931413 -4.56965
0.0100903 -4.57045
0.0108665 -4.57105
0.0116427 -4.57155
0.0124188 -4.57195
0.013195 -4.57205
0.0139712 -4.57195
0.0147474 -4.57155
0.0155235 -4.57085
0.0162997 -4.56975
0.0170759 -4.56835
0.0178521 -4.56645
0.0186283 -4.56425
0.0194044 -4.56175
0.0201806 -4.55895
0.0209568 -4.55585
0.021733 -4.55265
0.0225091 -4.54935
0.0232853 -4.54595
0.0240615 -4.54265
0.0248377 -4.53935
0.0256138 -4.53625
0.02639 -4.53335
0.0271662 -4.53055
0.0279424 -4.52805
0.0287186 -4.52585
0.0294947 -4.52395
0.0302709 -4.52245
0.0310471 -4.52125
0.0318233 -4.52055
0.0325994 -4.52035
0.0333756 -4.52075
0.0341518 -4.52185
0.034928 -4.52385
0.0357042 -4.52675
0.0364803 -4.53065
0.0372565 -4.53585
0.0380327 -4.54225
0.0388089 -4.54985
0.039585 -4.55855
0.0403612 -4.56805
0.0411374 -4.57825
0.0419136 -4.58885
0.0426897 -4.59955
0.0434659 -4.61025
0.0442421 -4.62065
0.0450183 -4.63035
0.0457945 -4.63915
0.0465706 -4.64675
0.0473468 -4.65295
0.048123 -4.65755
0.0488992 -4.66075
0.0496753 -4.66275
0.0504515 -4.66395
0.0512277 -4.66465
0.0520039 -4.66525
0.0527801 -4.66585
0.0535562 -4.66665
0.0543324 -4.66775
0.0551086 -4.66935
0.0558848 -4.67125
0.0566609 -4.67365
0.0574371 -4.67635
0.0582133 -4.67945
0.0589895 -4.68275
0.0597656 -4.68635
0.0605418 -4.69015
0.061318 -4.69405
0.0620942 -4.69805
0.0628704 -4.70205
0.0636465 -4.70615
0.0644227 -4.71015
0.0651989 -4.71405
0.0659751 -4.71795
0.0667512 -4.72165
0.0675274 -4.72515
0.0683036 -4.72855
0.0690798 -4.73165
0.069856 -4.73455
0.0706321 -4.73725
0.0714083 -4.73965
0.0721845 -4.74175
0.0729607 -4.74355
0.0737368 -4.74505
0.074513 -4.74615
0.0752892 -4.74705
0.0760654 -4.74755
0.0768415 -4.74765
0.0768415 -4.74765
0.0776177 -4.74775
0.0783939 -4.74775
0.0791701 -4.74785
0.0799463 -4.74795
0.0807224 -4.74805
0.0814986 -4.74815
0.0822748 -4.74835
0.083051 -4.74855
0.0838271 -4.74875
0.0846033 -4.74895
0.0853795 -4.74915
0.0861557 -4.74945
0.0869319 -4.74965
0.087708 -4.74995
0.0884842 -4.75015
0.0892604 -4.75045
0.0900366 -4.75065
0.0908127 -4.75085
0.0915889 -4.75115
0.0923651 -4.75125
0.0931413 -4.75145
0.0939174 -4.75165
0.0946936 -4.75175
0.0954698 -4.75185
0.096246 -4.75185
0.0970222 -4.75185
0.0977983 -4.75185
0.0985745 -4.75175
0.0993507 -4.75155
0.100127 -4.75135
0.100903 -4.75115
0.101679 -4.75075
0.102455 -4.75045
0.103232 -4.74995
0.104008 -4.74945
0.104784 -4.74885
0.10556 -4.74825
0.106336 -4.74745
0.107112 -4.74665
0.107889 -4.74585
0.108665 -4.74485
0.109441 -4.74385
0.110217 -4.74275
0.110993 -4.74165
0.11177 -4.74035
0.112546 -4.73905
0.113322 -4.73775
0.114098 -4.73635
0.114874 -4.73485
0.11565 -4.73325
0.116427 -4.73165
0.117203 -4.72995
0.117979 -4.72825
0.118755 -4.72645
0.119531 -4.72465
0.120307 -4.72265
0.121084 -4.72075
0.12186 -4.71865
0.122636 -4.71645
0.123412 -4.71405
0.124188 -4.71155
0.124965 -4.70865
0.125741 -4.70535
0.126517 -4.70155
0.127293 -4.69695
0.128069 -4.69115
0.128845 -4.68415
0.129622 -4.67555
0.130398 -4.66535
0.131174 -4.65395
0.13195 -4.64165
0.132726 -4.62865
0.133502 -4.61565
0.134279 -4.60295
0.135055 -4.59095
0.135831 -4.58025
0.136607 -4.57125
0.137383 -4.56435
0.13816 -4.55955
0.138936 -4.55655
0.139712 -4.55505
0.140488 -4.55445
0.141264 -4.55465
0.14204 -4.55525
0.142817 -4.55615
0.143593 -4.55735
0.144369 -4.55885
0.145145 -4.56075
0.145921 -4.56305
0.146697 -4.56585
0.147474 -4.56935
0.14825 -4.57365
0.149026 -4.57885
0.149802 -4.58505
0.150578 -4.59255
0.151355 -4.60115
0.152131 -4.61085
0.152907 -4.62145
0.153683 -4.62995
0.153683 -4.62995
0.154781 -4.61695
0.155878 -4.60275
0.156976 -4.59075
0.158074 -4.58175
0.159171 -4.57595
0.160269 -4.57355
0.161367 -4.57475
0.162465 -4.57935
0.163562 -4.58735
0.16466 -4.59865
0.165758 -4.61295
0.166855 -4.62995
0.167953 -4.64925
0.169051 -4.67035
0.170148 -4.69245
0.171246 -4.70665
0.172344 -4.69785
0.173441 -4.68595
0.174539 -4.67365
0.175637 -4.66125
0.176734 -4.64895
0.177832 -4.63695
0.17893 -4.62535
0.180027 -4.61435
0.181125 -4.60395
0.182223 -4.59415
0.18332 -4.58525
0.184418 -4.57705
0.185516 -4.56975
0.186614 -4.56325
0.187711 -4.55745
0.188809 -4.55245
0.189907 -4.54825
0.191004 -4.54465
0.192102 -4.54155
0.1932 -4.53915
0.194297 -4.53715
0.195395 -4.53565
0.196493 -4.53465
0.19759 -4.53395
0.198688 -4.53365
0.199786 -4.53365
0.200883 -4.53395
0.201981 -4.53455
0.203079 -4.53535
0.204176 -4.53635
0.205274 -4.53765
0.206372 -4.53895
0.207469 -4.54045
0.208567 -4.54195
0.209665 -4.54335
0.210762 -4.54455
0.21186 -4.54545
0.212958 -4.54585
0.214056 -4.54555
0.215153 -4.54475
0.216251 -4.54335
0.217349 -4.54185
0.218446 -4.54035
0.219544 -4.53915
0.220642 -4.53825
0.221739 -4.53785
0.222837 -4.53795
0.223935 -4.53835
0.225032 -4.53905
0.22613 -4.54015
0.227228 -4.54145
0.228325 -4.54285
0.229423 -4.54435
0.230521 -4.54605
0.231618 -4.54765
0.232716 -4.54935
0.233814 -4.55105
0.234911 -4.55265
0.236009 -4.55415
0.237107 -4.55565
0.238204 -4.55715
0.239302 -4.55845
0.2404 -4.55975
0.241498 -4.56085
0.242595 -4.56195
0.243693 -4.56295
0.244791 -4.56385
0.245888 -4.56455
0.246986 -4.56525
0.248084 -4.56575
0.249181 -4.56615
0.250279 -4.56645
0.251377 -4.56655
0.252474 -4.56645
0.253572 -4.56625
0.25467 -4.56585
0.255767 -4.56525
0.256865 -4.56445
0.257963 -4.56345
0.25906 -4.56225
0.260158 -4.56115
0.261256 -4.56025
0.262353 -4.55985
0.262353 -4.55985
0.263098 -4.55985
0.263842 -4.55975
0.264587 -4.55955
0.265331 -4.55925
0.266076 -4.55895
0.26682 -4.55865
0.267564 -4.55835
0.268309 -4.55805
0.269053 -4.55815
0.269798 -4.55905
0.270542 -4.56145
0.271287 -4.56505
0.272031 -4.56935
0.272775 -4.57425
0.27352 -4.57955
0.274264 -4.58525
0.275009 -4.59135
0.275753 -4.59775
0.276497 -4.60455
0.277242 -4.61165
0.277986 -4.61915
0.278731 -4.62685
0.279475 -4.63495
0.28022 -4.64335
0.280964 -4.65205
0.281708 -4.66105
0.282453 -4.67035
0.283197 -4.67995
0.283942 -4.68985
0.284686 -4.69995
0.285431 -4.71025
0.286175 -4.72095
0.286919 -4.73175
0.287664 -4.74295
0.288408 -4.75425
0.289153 -4.76575
0.289897 -4.76585
0.290642 -4.76255
0.291386 -4.75915
0.29213 -4.75565
0.292875 -4.75205
0.293619 -4.74845
0.294364 -4.74475
0.295108 -4.74095
0.295852 -4.73705
0.296597 -4.73315
0.297341 -4.72925
0.298086 -4.72515
0.29883 -4.72105
0.299575 -4.71695
0.300319 -4.71275
0.301063 -4.70845
0.301808 -4.70405
0.302552 -4.69965
0.303297 -4.69525
0.304041 -4.69065
0.304786 -4.68615
0.30553 -4.68145
0.306274 -4.67675
0.307019 -4.67205
0.307763 -4.66725
0.308508 -4.66235
0.309252 -4.65745
0.309997 -4.65245
0.310741 -4.64745
0.311485 -4.64235
0.31223 -4.63725
0.312974 -4.63205
0.313719 -4.62685
0.314463 -4.62155
0.315207 -4.61625
0.315952 -4.61085
0.316696 -4.60545
0.317441 -4.60005
0.318185 -4.59455
0.31893 -4.58895
0.319674 -4.58335
0.320418 -4.57775
0.321163 -4.57215
0.321907 -4.56635
0.322652 -4.56065
0.323396 -4.55485
0.324141 -4.54905
0.324885 -4.54315
0.325629 -4.53725
0.326374 -4.53135
0.327118 -4.52545
0.327863 -4.51945
0.328607 -4.51335
0.329351 -4.50735
0.330096 -4.50125
0.33084 -4.49515
0.331585 -4.48895
0.332329 -4.48275
0.333074 -4.47655
0.333818 -4.47035
0.334562 -4.46415
0.335307 -4.45785
0.336051 -4.47785
0.336051 -4.47785
0.336827 -4.47785
0.337604 -4.47795
0.33838 -4.47805
0.339156 -4.47795
0.339932 -4.47785
0.340708 -4.47765
0.341485 -4.47735
0.342261 -4.47705
0.343037 -4.47675
0.343813 -4.47655
0.344589 -4.47645
0.345365 -4.47665
0.346142 -4.47725
0.346918 -4.47815
0.347694 -4.47955
0.34847 -4.48155
0.349246 -4.48395
0.350022 -4.48695
0.350799 -4.49045
0.351575 -4.49445
0.352351 -4.49895
0.353127 -4.50385
0.353903 -4.50915
0.35468 -4.51485
0.355456 -4.52095
0.356232 -4.52725
0.357008 -4.53305
0.357784 -4.53755
0.35856 -4.54205
0.359337 -4.54685
0.360113 -4.55165
0.360889 -4.55655
0.361665 -4.56155
0.362441 -4.56655
0.363218 -4.57165
0.363994 -4.57665
0.36477 -4.58175
0.365546 -4.58665
0.366322 -4.59155
0.367098 -4.59635
0.367875 -4.60095
0.368651 -4.60545
0.369427 -4.60965
0.370203 -4.61375
0.370979 -4.61745
0.371755 -4.62095
0.372532 -4.62415
0.373308 -4.62695
0.374084 -4.62935
0.37486 -4.63135
0.375636 -4.63285
0.376413 -4.63395
0.377189 -4.63455
0.377965 -4.63465
0.378741 -4.63415
0.379517 -4.63305
0.380293 -4.63135
0.38107 -4.62905
0.381846 -4.62615
0.382622 -4.62265
0.383398 -4.61845
0.384174 -4.61355
0.38495 -4.60805
0.385727 -4.60195
0.386503 -4.59515
0.387279 -4.58775
0.388055 -4.57975
0.388831 -4.57105
0.389608 -4.56195
0.390384 -4.55215
0.39116 -4.54195
0.391936 -4.53125
0.392712 -4.52005
0.393488 -4.50855
0.394265 -4.49665
0.395041 -4.48435
0.395817 -4.47185
0.396593 -4.45915
0.397369 -4.44625
0.398145 -4.43325
0.398922 -4.42025
0.399698 -4.40725
0.400474 -4.39435
0.40125 -4.38165
0.402026 -4.36915
0.402803 -4.35695
0.403579 -4.34525
0.404355 -4.33415
0.405131 -4.32375
0.405907 -4.31415
0.406683 -4.30565
0.40746 -4.29825
0.408236 -4.29215
0.409012 -4.28765
0.409788 -4.28475
0.410564 -4.28355
0.41134 -4.28415
0.412117 -4.28655
0.412893 -4.29055
0.412893 -4.29055
0.413669 -4.28985
0.414445 -4.28925
0.415221 -4.28885
0.415998 -4.28845
0.416774 -4.28815
0.41755 -4.28795
0.418326 -4.28795
0.419102 -4.28805
0.419878 -4.28815
0.420655 -4.28845
0.421431 -4.28885
0.422207 -4.28935
0.422983 -4.28995
0.423759 -4.29065
0.424536 -4.29135
0.425312 -4.29215
0.426088 -4.29305
0.426864 -4.29395
0.42764 -4.29495
0.428416 -4.29595
0.429193 -4.29705
0.429969 -4.29805
0.430745 -4.29915
0.431521 -4.30025
0.432297 -4.30135
0.433073 -4.30245
0.43385 -4.30355
0.434626 -4.30465
0.435402 -4.30575
0.436178 -4.30685
0.436954 -4.30795
0.437731 -4.30905
0.438507 -4.31015
0.439283 -4.31125
0.440059 -4.31235
0.440835 -4.31335
0.441611 -4.31355
0.442388 -4.31355
0.443164 -4.31355
0.44394 -4.31345
0.444716 -4.31335
0.445492 -4.31325
0.446268 -4.31315
0.447045 -4.31305
0.447821 -4.31295
0.448597 -4.31285
0.449373 -4.31265
0.450149 -4.31255
0.450926 -4.31235
0.451702 -4.31225
0.452478 -4.31205
0.453254 -4.31195
0.45403 -4.31185
0.454806 -4.31175
0.455583 -4.31165
0.456359 -4.31165
0.457135 -4.31165
0.457911 -4.31165
0.458687 -4.31165
0.459463 -4.31175
0.46024 -4.31195
0.461016 -4.31205
0.461792 -4.31235
0.462568 -4.31265
0.463344 -4.31295
0.464121 -4.31345
0.464897 -4.31395
0.465673 -4.31455
0.466449 -4.31525
0.467225 -4.31605
0.468001 -4.31695
0.468778 -4.31805
0.469554 -4.31925
0.47033 -4.32055
0.471106 -4.32205
0.471882 -4.32385
0.472658 -4.32575
0.473435 -4.32805
0.474211 -4.33055
0.474987 -4.33345
0.475763 -4.33685
0.476539 -4.34075
0.477316 -4.34535
0.478092 -4.35065
0.478868 -4.35705
0.479644 -4.36455
0.48042 -4.37335
0.481196 -4.38375
0.481973 -4.39575
0.482749 -4.40945
0.483525 -4.42485
0.484301 -4.44175
0.485077 -4.45995
0.485854 -4.47905
0.48663 -4.49875
0.487406 -4.51875
0.488182 -4.53845
0.488958 -4.55715
0.489734 -4.57395
0.489734 -4.57395
0.490832 -4.55035
0.49193 -4.52405
0.493027 -4.49685
0.494125 -4.46985
0.495223 -4.44385
0.49632 -4.41925
0.497418 -4.39645
0.498516 -4.37565
0.499614 -4.35085
0.500711 -4.32415
0.501809 -4.29925
0.502907 -4.27685
0.504004 -4.25765
0.505102 -4.24185
0.5062 -4.22935
0.507297 -4.21945
0.508395 -4.21165
0.509493 -4.20535
0.51059 -4.20035
0.511688 -4.19625
0.512786 -4.19315
0.513883 -4.19065
0.514981 -4.18895
0.516079 -4.18785
0.517176 -4.18725
0.518274 -4.18725
0.519372 -4.18785
0.520469 -4.18885
0.521567 -4.19025
0.522665 -4.19215
0.523762 -4.19445
0.52486 -4.19705
0.525958 -4.20005
0.527056 -4.20275
0.528153 -4.20335
0.529251 -4.20425
0.530349 -4.20545
0.531446 -4.20695
0.532544 -4.20875
0.533642 -4.21095
0.534739 -4.21335
0.535837 -4.21605
0.536935 -4.21905
0.538032 -4.22235
0.53913 -4.22595
0.540228 -4.22985
0.541325 -4.23395
0.542423 -4.23845
0.543521 -4.24335
0.544618 -4.24845
0.545716 -4.25405
0.546814 -4.25995
0.547911 -4.26625
0.549009 -4.27285
0.550107 -4.27995
0.551204 -4.28735
0.552302 -4.29495
0.5534 -4.30285
0.554498 -4.31085
0.555595 -4.31905
0.556693 -4.32725
0.557791 -4.33545
0.558888 -4.34355
0.559986 -4.35155
0.561084 -4.35955
0.562181 -4.36725
0.563279 -4.37495
0.564377 -4.38235
0.565474 -4.38955
0.566572 -4.39655
0.56767 -4.40335
0.568767 -4.40985
0.569865 -4.41615
0.570963 -4.42215
0.57206 -4.42785
0.573158 -4.43335
0.574256 -4.43855
0.575353 -4.44345
0.576451 -4.44805
0.577549 -4.45225
0.578647 -4.45615
0.579744 -4.45935
0.580842 -4.46225
0.58194 -4.46495
0.583037 -4.46735
0.584135 -4.46955
0.585233 -4.47155
0.58633 -4.47325
0.587428 -4.47465
0.588526 -4.47585
0.589623 -4.47685
0.590721 -4.47755
0.591819 -4.47795
0.592916 -4.47825
0.594014 -4.47835
0.595112 -4.47815
0.596209 -4.47795
0.597307 -4.47785
0.598405 -4.47785
