# Band 43 from P4mcc-bands-soc.dat
# Original plotting-script index j = 42
# Energy column is E - E_F in eV; Fermi level is therefore at 0 eV in these files.
# Columns: k_distance  energy_minus_EF_eV
0 -3.99605
0.000776178 -3.99615
0.00155235 -3.99645
0.00232853 -3.99685
0.00310471 -3.99755
0.00388089 -3.99845
0.00465706 -3.99975
0.00543324 -4.00135
0.00620942 -4.00335
0.0069856 -4.00585
0.00776177 -4.00885
0.00853795 -4.01245
0.00931413 -4.01675
0.0100903 -4.02175
0.0108665 -4.02745
0.0116427 -4.03385
0.0124188 -4.04095
0.013195 -4.04875
0.0139712 -4.05715
0.0147474 -4.06625
0.0155235 -4.07595
0.0162997 -4.08615
0.0170759 -4.09685
0.0178521 -4.10805
0.0186283 -4.11965
0.0194044 -4.13165
0.0201806 -4.14385
0.0209568 -4.15645
0.021733 -4.16925
0.0225091 -4.18225
0.0232853 -4.19535
0.0240615 -4.20855
0.0248377 -4.22185
0.0256138 -4.23505
0.02639 -4.24805
0.0271662 -4.26065
0.0279424 -4.27225
0.0287186 -4.28195
0.0294947 -4.28805
0.0302709 -4.28975
0.0310471 -4.28825
0.0318233 -4.28505
0.0325994 -4.28135
0.0333756 -4.27765
0.0341518 -4.27395
0.034928 -4.27065
0.0357042 -4.26755
0.0364803 -4.26485
0.0372565 -4.26245
0.0380327 -4.26025
0.0388089 -4.25845
0.039585 -4.25675
0.0403612 -4.25535
0.0411374 -4.25405
0.0419136 -4.25295
0.0426897 -4.25185
0.0434659 -4.25085
0.0442421 -4.24985
0.0450183 -4.24885
0.0457945 -4.24785
0.0465706 -4.24675
0.0473468 -4.24565
0.048123 -4.24445
0.0488992 -4.24325
0.0496753 -4.24195
0.0504515 -4.24055
0.0512277 -4.23905
0.0520039 -4.23755
0.0527801 -4.23595
0.0535562 -4.23425
0.0543324 -4.23255
0.0551086 -4.23075
0.0558848 -4.22895
0.0566609 -4.22705
0.0574371 -4.22515
0.0582133 -4.22325
0.0589895 -4.22135
0.0597656 -4.21945
0.0605418 -4.21755
0.061318 -4.21565
0.0620942 -4.21385
0.0628704 -4.21195
0.0636465 -4.21025
0.0644227 -4.20845
0.0651989 -4.20665
0.0659751 -4.20485
0.0667512 -4.20295
0.0675274 -4.19985
0.0683036 -4.19085
0.0690798 -4.17635
0.069856 -4.16135
0.0706321 -4.14665
0.0714083 -4.13285
0.0721845 -4.12015
0.0729607 -4.10885
0.0737368 -4.09905
0.074513 -4.09115
0.0752892 -4.08535
0.0760654 -4.08185
0.0768415 -4.08055
0.0768415 -4.08055
0.0776177 -4.07945
0.0783939 -4.07605
0.0791701 -4.07075
0.0799463 -4.06375
0.0807224 -4.05555
0.0814986 -4.04625
0.0822748 -4.03615
0.083051 -4.02545
0.0838271 -4.01415
0.0846033 -4.00235
0.0853795 -3.99025
0.0861557 -3.97775
0.0869319 -3.96495
0.087708 -3.95195
0.0884842 -3.93875
0.0892604 -3.92535
0.0900366 -3.91195
0.0908127 -3.89835
0.0915889 -3.88485
0.0923651 -3.87135
0.0931413 -3.85795
0.0939174 -3.84475
0.0946936 -3.83185
0.0954698 -3.81935
0.096246 -3.80745
0.0970222 -3.79625
0.0977983 -3.78615
0.0985745 -3.77755
0.0993507 -3.77095
0.100127 -3.76715
0.100903 -3.76695
0.101679 -3.77115
0.102455 -3.77935
0.103232 -3.79105
0.104008 -3.80505
0.104784 -3.82075
0.10556 -3.83755
0.106336 -3.85505
0.107112 -3.87315
0.107889 -3.89165
0.108665 -3.91035
0.109441 -3.92925
0.110217 -3.94835
0.110993 -3.96745
0.11177 -3.98675
0.112546 -4.00595
0.113322 -4.02525
0.114098 -4.04445
0.114874 -4.06365
0.11565 -4.08285
0.116427 -4.10185
0.117203 -4.12085
0.117979 -4.13965
0.118755 -4.15835
0.119531 -4.17695
0.120307 -4.19525
0.121084 -4.21335
0.12186 -4.23125
0.122636 -4.24885
0.123412 -4.26615
0.124188 -4.28305
0.124965 -4.29955
0.125741 -4.31555
0.126517 -4.33115
0.127293 -4.34605
0.128069 -4.36035
0.128845 -4.37375
0.129622 -4.38615
0.130398 -4.39745
0.131174 -4.40735
0.13195 -4.41555
0.132726 -4.42205
0.133502 -4.42695
0.134279 -4.43075
0.135055 -4.43385
0.135831 -4.43645
0.136607 -4.43865
0.137383 -4.44065
0.13816 -4.44205
0.138936 -4.44065
0.139712 -4.43205
0.140488 -4.42065
0.141264 -4.40835
0.14204 -4.39545
0.142817 -4.38245
0.143593 -4.36955
0.144369 -4.35705
0.145145 -4.34485
0.145921 -4.33345
0.146697 -4.32285
0.147474 -4.31335
0.14825 -4.30505
0.149026 -4.29845
0.149802 -4.29365
0.150578 -4.29085
0.151355 -4.28965
0.152131 -4.28955
0.152907 -4.28985
0.153683 -4.28995
0.153683 -4.28995
0.154781 -4.28965
0.155878 -4.28885
0.156976 -4.28815
0.158074 -4.28785
0.159171 -4.28805
0.160269 -4.28825
0.161367 -4.28775
0.162465 -4.28585
0.163562 -4.28215
0.16466 -4.27665
0.165758 -4.26955
0.166855 -4.26115
0.167953 -4.25185
0.169051 -4.24205
0.170148 -4.23185
0.171246 -4.22175
0.172344 -4.21165
0.173441 -4.20195
0.174539 -4.19265
0.175637 -4.18385
0.176734 -4.17565
0.177832 -4.16805
0.17893 -4.16105
0.180027 -4.15465
0.181125 -4.14905
0.182223 -4.14405
0.18332 -4.13965
0.184418 -4.13595
0.185516 -4.13275
0.186614 -4.13015
0.187711 -4.12815
0.188809 -4.12675
0.189907 -4.12605
0.191004 -4.12615
0.192102 -4.12725
0.1932 -4.12925
0.194297 -4.13195
0.195395 -4.13515
0.196493 -4.13865
0.19759 -4.14235
0.198688 -4.14625
0.199786 -4.15015
0.200883 -4.15415
0.201981 -4.15815
0.203079 -4.16205
0.204176 -4.16605
0.205274 -4.16985
0.206372 -4.17375
0.207469 -4.17745
0.208567 -4.18115
0.209665 -4.18465
0.210762 -4.18815
0.21186 -4.19145
0.212958 -4.19465
0.214056 -4.19775
0.215153 -4.20065
0.216251 -4.20335
0.217349 -4.20585
0.218446 -4.20805
0.219544 -4.20995
0.220642 -4.21155
0.221739 -4.21265
0.222837 -4.21315
0.223935 -4.21315
0.225032 -4.21225
0.22613 -4.21055
0.227228 -4.20785
0.228325 -4.20415
0.229423 -4.19935
0.230521 -4.19355
0.231618 -4.18665
0.232716 -4.17895
0.233814 -4.17035
0.234911 -4.16115
0.236009 -4.15145
0.237107 -4.14125
0.238204 -4.13075
0.239302 -4.12015
0.2404 -4.10935
0.241498 -4.09865
0.242595 -4.08805
0.243693 -4.07765
0.244791 -4.06755
0.245888 -4.05795
0.246986 -4.04885
0.248084 -4.04045
0.249181 -4.03275
0.250279 -4.02575
0.251377 -4.01965
0.252474 -4.01435
0.253572 -4.00985
0.25467 -4.00615
0.255767 -4.00315
0.256865 -4.00075
0.257963 -3.99895
0.25906 -3.99765
0.260158 -3.99675
0.261256 -3.99625
0.262353 -3.99605
0.262353 -3.99605
0.263098 -3.99605
0.263842 -3.99595
0.264587 -3.99575
0.265331 -3.99555
0.266076 -3.99535
0.26682 -3.99505
0.267564 -3.99475
0.268309 -3.99445
0.269053 -3.99425
0.269798 -3.99395
0.270542 -3.99385
0.271287 -3.99375
0.272031 -3.99375
0.272775 -3.99395
0.27352 -3.99435
0.274264 -3.99485
0.275009 -3.99555
0.275753 -3.99645
0.276497 -3.99765
0.277242 -3.99895
0.277986 -4.00065
0.278731 -4.00255
0.279475 -4.00465
0.28022 -4.00705
0.280964 -4.00965
0.281708 -4.01255
0.282453 -4.01575
0.283197 -4.01905
0.283942 -4.02265
0.284686 -4.02645
0.285431 -4.03045
0.286175 -4.03475
0.286919 -4.03905
0.287664 -4.04365
0.288408 -4.04835
0.289153 -4.05325
0.289897 -4.05825
0.290642 -4.06345
0.291386 -4.06875
0.29213 -4.07415
0.292875 -4.07965
0.293619 -4.08525
0.294364 -4.09095
0.295108 -4.09665
0.295852 -4.10255
0.296597 -4.10845
0.297341 -4.11445
0.298086 -4.12055
0.29883 -4.12665
0.299575 -4.13285
0.300319 -4.13905
0.301063 -4.14525
0.301808 -4.15155
0.302552 -4.15795
0.303297 -4.16425
0.304041 -4.17065
0.304786 -4.17715
0.30553 -4.18355
0.306274 -4.19005
0.307019 -4.19655
0.307763 -4.20305
0.308508 -4.20965
0.309252 -4.21615
0.309997 -4.22275
0.310741 -4.22935
0.311485 -4.23585
0.31223 -4.24245
0.312974 -4.24905
0.313719 -4.25565
0.314463 -4.26235
0.315207 -4.26895
0.315952 -4.27555
0.316696 -4.28215
0.317441 -4.28875
0.318185 -4.29535
0.31893 -4.30205
0.319674 -4.30865
0.320418 -4.31525
0.321163 -4.32185
0.321907 -4.32395
0.322652 -4.31935
0.323396 -4.31485
0.324141 -4.31045
0.324885 -4.30645
0.325629 -4.30265
0.326374 -4.29945
0.327118 -4.29695
0.327863 -4.29545
0.328607 -4.29555
0.329351 -4.29785
0.330096 -4.30325
0.33084 -4.31265
0.331585 -4.32655
0.332329 -4.34485
0.333074 -4.36685
0.333818 -4.39185
0.334562 -4.41905
0.335307 -4.44525
0.336051 -4.45155
0.336051 -4.45155
0.336827 -4.45055
0.337604 -4.44905
0.33838 -4.44715
0.339156 -4.44475
0.339932 -4.44175
0.340708 -4.43835
0.341485 -4.43445
0.342261 -4.43025
0.343037 -4.42565
0.343813 -4.42075
0.344589 -4.41575
0.345365 -4.41045
0.346142 -4.40515
0.346918 -4.39975
0.347694 -4.39435
0.34847 -4.38905
0.349246 -4.38395
0.350022 -4.37895
0.350799 -4.37415
0.351575 -4.36965
0.352351 -4.36535
0.353127 -4.36135
0.353903 -4.35755
0.35468 -4.35395
0.355456 -4.35055
0.356232 -4.34735
0.357008 -4.34435
0.357784 -4.34135
0.35856 -4.33855
0.359337 -4.33575
0.360113 -4.33305
0.360889 -4.33035
0.361665 -4.32775
0.362441 -4.32505
0.363218 -4.32235
0.363994 -4.31955
0.36477 -4.31675
0.365546 -4.31395
0.366322 -4.31105
0.367098 -4.30805
0.367875 -4.30505
0.368651 -4.30195
0.369427 -4.29885
0.370203 -4.29565
0.370979 -4.29235
0.371755 -4.28905
0.372532 -4.28565
0.373308 -4.28215
0.374084 -4.27865
0.37486 -4.27515
0.375636 -4.27155
0.376413 -4.26785
0.377189 -4.26415
0.377965 -4.26045
0.378741 -4.25675
0.379517 -4.25295
0.380293 -4.24915
0.38107 -4.24535
0.381846 -4.24155
0.382622 -4.23775
0.383398 -4.23395
0.384174 -4.23015
0.38495 -4.22635
0.385727 -4.22265
0.386503 -4.21885
0.387279 -4.21525
0.388055 -4.21165
0.388831 -4.20805
0.389608 -4.20465
0.390384 -4.20125
0.39116 -4.19785
0.391936 -4.19465
0.392712 -4.19155
0.393488 -4.18865
0.394265 -4.18575
0.395041 -4.18305
0.395817 -4.18055
0.396593 -4.17815
0.397369 -4.17595
0.398145 -4.17395
0.398922 -4.17215
0.399698 -4.17055
0.400474 -4.16915
0.40125 -4.16795
0.402026 -4.16705
0.402803 -4.16585
0.403579 -4.16355
0.404355 -4.16155
0.405131 -4.15985
0.405907 -4.15845
0.406683 -4.15745
0.40746 -4.15675
0.408236 -4.15635
0.409012 -4.15635
0.409788 -4.15675
0.410564 -4.15735
0.41134 -4.15835
0.412117 -4.15945
0.412893 -4.16075
0.412893 -4.16075
0.413669 -4.15905
0.414445 -4.15715
0.415221 -4.15495
0.415998 -4.15255
0.416774 -4.14995
0.41755 -4.14705
0.418326 -4.14395
0.419102 -4.14065
0.419878 -4.13715
0.420655 -4.13345
0.421431 -4.12955
0.422207 -4.12545
0.422983 -4.12125
0.423759 -4.11685
0.424536 -4.11225
0.425312 -4.10755
0.426088 -4.10275
0.426864 -4.09775
0.42764 -4.09255
0.428416 -4.08735
0.429193 -4.08185
0.429969 -4.07635
0.430745 -4.07065
0.431521 -4.06495
0.432297 -4.05905
0.433073 -4.05295
0.43385 -4.04685
0.434626 -4.04065
0.435402 -4.03435
0.436178 -4.02785
0.436954 -4.02135
0.437731 -4.01475
0.438507 -4.00805
0.439283 -4.00125
0.440059 -3.99445
0.440835 -3.98745
0.441611 -3.98045
0.442388 -3.97345
0.443164 -3.96635
0.44394 -3.95915
0.444716 -3.95195
0.445492 -3.94475
0.446268 -3.93745
0.447045 -3.93025
0.447821 -3.92295
0.448597 -3.91565
0.449373 -3.90845
0.450149 -3.90125
0.450926 -3.89415
0.451702 -3.88705
0.452478 -3.88005
0.453254 -3.87325
0.45403 -3.86655
0.454806 -3.86015
0.455583 -3.85395
0.456359 -3.84815
0.457135 -3.84275
0.457911 -3.83785
0.458687 -3.83355
0.459463 -3.83015
0.46024 -3.82765
0.461016 -3.82645
0.461792 -3.82645
0.462568 -3.82815
0.463344 -3.83155
0.464121 -3.83665
0.464897 -3.84365
0.465673 -3.85235
0.466449 -3.86275
0.467225 -3.87465
0.468001 -3.88795
0.468778 -3.90255
0.469554 -3.91825
0.47033 -3.93485
0.471106 -3.95235
0.471882 -3.97065
0.472658 -3.98945
0.473435 -4.00875
0.474211 -4.02835
0.474987 -4.04825
0.475763 -4.06815
0.476539 -4.08805
0.477316 -4.10765
0.478092 -4.12575
0.478868 -4.14145
0.479644 -4.15645
0.48042 -4.17085
0.481196 -4.18425
0.481973 -4.19665
0.482749 -4.20795
0.483525 -4.21805
0.484301 -4.22695
0.485077 -4.23465
0.485854 -4.24105
0.48663 -4.24635
0.487406 -4.25065
0.488182 -4.25385
0.488958 -4.25605
0.489734 -4.25725
0.489734 -4.25725
0.490832 -4.25515
0.49193 -4.25105
0.493027 -4.24475
0.494125 -4.23605
0.495223 -4.22485
0.49632 -4.21125
0.497418 -4.19525
0.498516 -4.17685
0.499614 -4.15645
0.500711 -4.13445
0.501809 -4.11125
0.502907 -4.08745
0.504004 -4.06335
0.505102 -4.03955
0.5062 -4.01645
0.507297 -3.99465
0.508395 -3.97445
0.509493 -3.95645
0.51059 -3.94105
0.511688 -3.92855
0.512786 -3.91925
0.513883 -3.91315
0.514981 -3.91025
0.516079 -3.91015
0.517176 -3.91245
0.518274 -3.91695
0.519372 -3.92305
0.520469 -3.93055
0.521567 -3.92995
0.522665 -3.93125
0.523762 -3.93435
0.52486 -3.93885
0.525958 -3.94455
0.527056 -3.95115
0.528153 -3.95865
0.529251 -3.96675
0.530349 -3.97535
0.531446 -3.98435
0.532544 -3.99365
0.533642 -4.00315
0.534739 -4.01295
0.535837 -4.02285
0.536935 -4.03285
0.538032 -4.04285
0.53913 -4.05295
0.540228 -4.06305
0.541325 -4.07315
0.542423 -4.08315
0.543521 -4.09315
0.544618 -4.10315
0.545716 -4.11295
0.546814 -4.12275
0.547911 -4.13245
0.549009 -4.14205
0.550107 -4.15145
0.551204 -4.16085
0.552302 -4.17005
0.5534 -4.17925
0.554498 -4.18825
0.555595 -4.19715
0.556693 -4.20595
0.557791 -4.21455
0.558888 -4.22315
0.559986 -4.23155
0.561084 -4.23985
0.562181 -4.24805
0.563279 -4.25625
0.564377 -4.26425
0.565474 -4.27215
0.566572 -4.27995
0.56767 -4.28775
0.568767 -4.29545
0.569865 -4.30305
0.570963 -4.31055
0.57206 -4.31805
0.573158 -4.32545
0.574256 -4.33275
0.575353 -4.33995
0.576451 -4.34715
0.577549 -4.35425
0.578647 -4.36125
0.579744 -4.36815
0.580842 -4.37495
0.58194 -4.38165
0.583037 -4.38825
0.584135 -4.39465
0.585233 -4.40085
0.58633 -4.40695
0.587428 -4.41275
0.588526 -4.41835
0.589623 -4.42365
0.590721 -4.42865
0.591819 -4.43335
0.592916 -4.43765
0.594014 -4.44155
0.595112 -4.44495
0.596209 -4.44785
0.597307 -4.45005
0.598405 -4.45155
