# Band 59 from P4mcc-bands-soc.dat
# Original plotting-script index j = 58
# Energy column is E - E_F in eV; Fermi level is therefore at 0 eV in these files.
# Columns: k_distance  energy_minus_EF_eV
0 -1.78935
0.000776178 -1.78955
0.00155235 -1.78985
0.00232853 -1.79045
0.00310471 -1.79135
0.00388089 -1.79245
0.00465706 -1.79375
0.00543324 -1.79535
0.00620942 -1.79725
0.0069856 -1.79935
0.00776177 -1.80175
0.00853795 -1.80435
0.00931413 -1.80735
0.0100903 -1.81055
0.0108665 -1.81405
0.0116427 -1.81785
0.0124188 -1.82195
0.013195 -1.82645
0.0139712 -1.83115
0.0147474 -1.83615
0.0155235 -1.84155
0.0162997 -1.84715
0.0170759 -1.85305
0.0178521 -1.85925
0.0186283 -1.86555
0.0194044 -1.87195
0.0201806 -1.87835
0.0209568 -1.88465
0.021733 -1.89045
0.0225091 -1.89565
0.0232853 -1.90005
0.0240615 -1.90355
0.0248377 -1.90645
0.0256138 -1.90865
0.02639 -1.91055
0.0271662 -1.91215
0.0279424 -1.91365
0.0287186 -1.91495
0.0294947 -1.91635
0.0302709 -1.91765
0.0310471 -1.91895
0.0318233 -1.92025
0.0325994 -1.92155
0.0333756 -1.92295
0.0341518 -1.92435
0.034928 -1.92565
0.0357042 -1.92705
0.0364803 -1.92835
0.0372565 -1.92955
0.0380327 -1.93065
0.0388089 -1.93155
0.039585 -1.93205
0.0403612 -1.93185
0.0411374 -1.93045
0.0419136 -1.92695
0.0426897 -1.92115
0.0434659 -1.91345
0.0442421 -1.90495
0.0450183 -1.89605
0.0457945 -1.88735
0.0465706 -1.87895
0.0473468 -1.87085
0.048123 -1.86325
0.0488992 -1.85595
0.0496753 -1.84915
0.0504515 -1.84245
0.0512277 -1.83605
0.0520039 -1.82965
0.0527801 -1.82315
0.0535562 -1.81635
0.0543324 -1.80915
0.0551086 -1.80135
0.0558848 -1.79285
0.0566609 -1.78345
0.0574371 -1.77325
0.0582133 -1.76215
0.0589895 -1.75015
0.0597656 -1.73755
0.0605418 -1.72425
0.061318 -1.71055
0.0620942 -1.69655
0.0628704 -1.68245
0.0636465 -1.66855
0.0644227 -1.65485
0.0651989 -1.64185
0.0659751 -1.62985
0.0667512 -1.62055
0.0675274 -1.61595
0.0683036 -1.61285
0.0690798 -1.60955
0.069856 -1.60585
0.0706321 -1.60155
0.0714083 -1.59665
0.0721845 -1.59125
0.0729607 -1.58535
0.0737368 -1.57925
0.074513 -1.57315
0.0752892 -1.56765
0.0760654 -1.56355
0.0768415 -1.56205
0.0768415 -1.56205
0.0776177 -1.56995
0.0783939 -1.58285
0.0791701 -1.59695
0.0799463 -1.61195
0.0807224 -1.62755
0.0814986 -1.64365
0.0822748 -1.66015
0.083051 -1.67695
0.0838271 -1.69405
0.0846033 -1.71125
0.0853795 -1.72855
0.0861557 -1.74575
0.0869319 -1.76285
0.087708 -1.77975
0.0884842 -1.79635
0.0892604 -1.81255
0.0900366 -1.82835
0.0908127 -1.84355
0.0915889 -1.85795
0.0923651 -1.87145
0.0931413 -1.88375
0.0939174 -1.89425
0.0946936 -1.90255
0.0954698 -1.90885
0.096246 -1.91335
0.0970222 -1.91685
0.0977983 -1.91965
0.0985745 -1.92195
0.0993507 -1.92395
0.100127 -1.92575
0.100903 -1.92745
0.101679 -1.92905
0.102455 -1.93065
0.103232 -1.93215
0.104008 -1.93365
0.104784 -1.93515
0.10556 -1.93665
0.106336 -1.93815
0.107112 -1.93975
0.107889 -1.94135
0.108665 -1.94295
0.109441 -1.94465
0.110217 -1.94635
0.110993 -1.94815
0.11177 -1.95005
0.112546 -1.95205
0.113322 -1.95415
0.114098 -1.95635
0.114874 -1.95865
0.11565 -1.96115
0.116427 -1.96375
0.117203 -1.96665
0.117979 -1.96975
0.118755 -1.97305
0.119531 -1.97655
0.120307 -1.98045
0.121084 -1.98455
0.12186 -1.98895
0.122636 -1.99375
0.123412 -1.99885
0.124188 -2.00425
0.124965 -2.00995
0.125741 -2.01595
0.126517 -2.02205
0.127293 -2.02845
0.128069 -2.03485
0.128845 -2.04135
0.129622 -2.04785
0.130398 -2.05435
0.131174 -2.06075
0.13195 -2.06695
0.132726 -2.07305
0.133502 -2.07895
0.134279 -2.08455
0.135055 -2.08985
0.135831 -2.09495
0.136607 -2.09975
0.137383 -2.10425
0.13816 -2.10835
0.138936 -2.11225
0.139712 -2.11575
0.140488 -2.11885
0.141264 -2.12175
0.14204 -2.12425
0.142817 -2.12645
0.143593 -2.12825
0.144369 -2.12975
0.145145 -2.13085
0.145921 -2.13155
0.146697 -2.13185
0.147474 -2.13175
0.14825 -2.13105
0.149026 -2.12985
0.149802 -2.12825
0.150578 -2.12635
0.151355 -2.12445
0.152131 -2.12275
0.152907 -2.12165
0.153683 -2.12125
0.153683 -2.12125
0.154781 -2.12205
0.155878 -2.12425
0.156976 -2.12765
0.158074 -2.13155
0.159171 -2.13565
0.160269 -2.13955
0.161367 -2.14295
0.162465 -2.14565
0.163562 -2.14755
0.16466 -2.14855
0.165758 -2.14845
0.166855 -2.14735
0.167953 -2.14525
0.169051 -2.14235
0.170148 -2.13885
0.171246 -2.13525
0.172344 -2.13185
0.173441 -2.12915
0.174539 -2.12745
0.175637 -2.12685
0.176734 -2.12695
0.177832 -2.12745
0.17893 -2.12805
0.180027 -2.12825
0.181125 -2.12765
0.182223 -2.12595
0.18332 -2.12295
0.184418 -2.11855
0.185516 -2.11235
0.186614 -2.10435
0.187711 -2.09445
0.188809 -2.08275
0.189907 -2.06905
0.191004 -2.05365
0.192102 -2.03665
0.1932 -2.01825
0.194297 -1.99875
0.195395 -1.97855
0.196493 -1.95795
0.19759 -1.93745
0.198688 -1.91775
0.199786 -1.89975
0.200883 -1.88645
0.201981 -1.87995
0.203079 -1.87665
0.204176 -1.87445
0.205274 -1.87285
0.206372 -1.87165
0.207469 -1.87085
0.208567 -1.87065
0.209665 -1.87095
0.210762 -1.87195
0.21186 -1.87345
0.212958 -1.87575
0.214056 -1.87885
0.215153 -1.88255
0.216251 -1.88695
0.217349 -1.89175
0.218446 -1.89695
0.219544 -1.90215
0.220642 -1.90695
0.221739 -1.91125
0.222837 -1.91465
0.223935 -1.91715
0.225032 -1.91875
0.22613 -1.91965
0.227228 -1.91995
0.228325 -1.91985
0.229423 -1.91935
0.230521 -1.91875
0.231618 -1.91805
0.232716 -1.91735
0.233814 -1.91655
0.234911 -1.91575
0.236009 -1.91455
0.237107 -1.91195
0.238204 -1.90585
0.239302 -1.89695
0.2404 -1.88735
0.241498 -1.87785
0.242595 -1.86875
0.243693 -1.86005
0.244791 -1.85195
0.245888 -1.84425
0.246986 -1.83715
0.248084 -1.83045
0.249181 -1.82435
0.250279 -1.81875
0.251377 -1.81365
0.252474 -1.80895
0.253572 -1.80485
0.25467 -1.80125
0.255767 -1.79805
0.256865 -1.79545
0.257963 -1.79325
0.25906 -1.79155
0.260158 -1.79035
0.261256 -1.78965
0.262353 -1.78935
0.262353 -1.78935
0.263098 -1.78935
0.263842 -1.78945
0.264587 -1.78945
0.265331 -1.78955
0.266076 -1.78965
0.26682 -1.78975
0.267564 -1.78985
0.268309 -1.79005
0.269053 -1.79025
0.269798 -1.79045
0.270542 -1.79065
0.271287 -1.79095
0.272031 -1.79135
0.272775 -1.79165
0.27352 -1.79215
0.274264 -1.79265
0.275009 -1.79315
0.275753 -1.79385
0.276497 -1.79455
0.277242 -1.79535
0.277986 -1.79625
0.278731 -1.79725
0.279475 -1.79835
0.28022 -1.79955
0.280964 -1.80095
0.281708 -1.80245
0.282453 -1.80405
0.283197 -1.80585
0.283942 -1.81855
0.284686 -1.83985
0.285431 -1.86065
0.286175 -1.88095
0.286919 -1.90065
0.287664 -1.91945
0.288408 -1.93735
0.289153 -1.95435
0.289897 -1.97045
0.290642 -1.98555
0.291386 -1.99995
0.29213 -2.01365
0.292875 -2.02675
0.293619 -2.03925
0.294364 -2.05135
0.295108 -2.06305
0.295852 -2.07455
0.296597 -2.08575
0.297341 -2.09665
0.298086 -2.10755
0.29883 -2.11825
0.299575 -2.12885
0.300319 -2.13935
0.301063 -2.14985
0.301808 -2.16025
0.302552 -2.17065
0.303297 -2.18095
0.304041 -2.19125
0.304786 -2.20145
0.30553 -2.21165
0.306274 -2.22185
0.307019 -2.23195
0.307763 -2.24195
0.308508 -2.25185
0.309252 -2.26165
0.309997 -2.27125
0.310741 -2.28055
0.311485 -2.28975
0.31223 -2.29845
0.312974 -2.30675
0.313719 -2.31435
0.314463 -2.32115
0.315207 -2.32695
0.315952 -2.33155
0.316696 -2.33465
0.317441 -2.33625
0.318185 -2.33625
0.31893 -2.33475
0.319674 -2.33195
0.320418 -2.32805
0.321163 -2.32335
0.321907 -2.31785
0.322652 -2.31185
0.323396 -2.30535
0.324141 -2.29845
0.324885 -2.29135
0.325629 -2.28385
0.326374 -2.27625
0.327118 -2.26835
0.327863 -2.26035
0.328607 -2.25215
0.329351 -2.24385
0.330096 -2.23545
0.33084 -2.22685
0.331585 -2.23155
0.332329 -2.24365
0.333074 -2.25605
0.333818 -2.26875
0.334562 -2.28175
0.335307 -2.29505
0.336051 -2.30865
0.336051 -2.30865
0.336827 -2.30725
0.337604 -2.30595
0.33838 -2.30465
0.339156 -2.30325
0.339932 -2.30195
0.340708 -2.30055
0.341485 -2.29915
0.342261 -2.29765
0.343037 -2.29615
0.343813 -2.29455
0.344589 -2.29295
0.345365 -2.29125
0.346142 -2.28945
0.346918 -2.28765
0.347694 -2.28585
0.34847 -2.28385
0.349246 -2.28195
0.350022 -2.27985
0.350799 -2.27775
0.351575 -2.27565
0.352351 -2.27345
0.353127 -2.27115
0.353903 -2.26885
0.35468 -2.26655
0.355456 -2.26415
0.356232 -2.26165
0.357008 -2.25915
0.357784 -2.25665
0.35856 -2.25405
0.359337 -2.25135
0.360113 -2.24865
0.360889 -2.24585
0.361665 -2.24305
0.362441 -2.24015
0.363218 -2.23725
0.363994 -2.23425
0.36477 -2.23115
0.365546 -2.22795
0.366322 -2.22465
0.367098 -2.22135
0.367875 -2.21795
0.368651 -2.21445
0.369427 -2.21085
0.370203 -2.20705
0.370979 -2.20325
0.371755 -2.19935
0.372532 -2.19525
0.373308 -2.19105
0.374084 -2.18675
0.37486 -2.18225
0.375636 -2.17765
0.376413 -2.17285
0.377189 -2.16795
0.377965 -2.16285
0.378741 -2.15755
0.379517 -2.15205
0.380293 -2.14635
0.38107 -2.14055
0.381846 -2.13445
0.382622 -2.12825
0.383398 -2.12175
0.384174 -2.11505
0.38495 -2.10815
0.385727 -2.10105
0.386503 -2.09375
0.387279 -2.08625
0.388055 -2.07855
0.388831 -2.07065
0.389608 -2.06255
0.390384 -2.05425
0.39116 -2.04585
0.391936 -2.03735
0.392712 -2.02875
0.393488 -2.02005
0.394265 -2.01145
0.395041 -2.00275
0.395817 -1.99425
0.396593 -1.98585
0.397369 -1.97765
0.398145 -1.96975
0.398922 -1.96225
0.399698 -1.95515
0.400474 -1.94855
0.40125 -1.94255
0.402026 -1.93715
0.402803 -1.93245
0.403579 -1.92845
0.404355 -1.92515
0.405131 -1.92245
0.405907 -1.92055
0.406683 -1.91915
0.40746 -1.91845
0.408236 -1.91825
0.409012 -1.91855
0.409788 -1.91935
0.410564 -1.92065
0.41134 -1.92235
0.412117 -1.92455
0.412893 -1.92705
0.412893 -1.92705
0.413669 -1.92545
0.414445 -1.92415
0.415221 -1.92315
0.415998 -1.92255
0.416774 -1.92235
0.41755 -1.92255
0.418326 -1.92325
0.419102 -1.92445
0.419878 -1.92625
0.420655 -1.92855
0.421431 -1.93145
0.422207 -1.93515
0.422983 -1.93945
0.423759 -1.94445
0.424536 -1.95035
0.425312 -1.95695
0.426088 -1.96435
0.426864 -1.97255
0.42764 -1.98155
0.428416 -1.99135
0.429193 -2.00185
0.429969 -2.01315
0.430745 -2.02505
0.431521 -2.03755
0.432297 -2.05065
0.433073 -2.06425
0.43385 -2.07835
0.434626 -2.09025
0.435402 -2.10045
0.436178 -2.11085
0.436954 -2.12145
0.437731 -2.13225
0.438507 -2.14315
0.439283 -2.15425
0.440059 -2.16525
0.440835 -2.17635
0.441611 -2.18745
0.442388 -2.19845
0.443164 -2.20935
0.44394 -2.22015
0.444716 -2.23075
0.445492 -2.24125
0.446268 -2.25145
0.447045 -2.26135
0.447821 -2.27105
0.448597 -2.28045
0.449373 -2.28945
0.450149 -2.29815
0.450926 -2.30645
0.451702 -2.31445
0.452478 -2.32205
0.453254 -2.32925
0.45403 -2.33595
0.454806 -2.34235
0.455583 -2.34825
0.456359 -2.35385
0.457135 -2.35895
0.457911 -2.36365
0.458687 -2.36795
0.459463 -2.37185
0.46024 -2.37525
0.461016 -2.37835
0.461792 -2.38105
0.462568 -2.38325
0.463344 -2.38515
0.464121 -2.38675
0.464897 -2.38785
0.465673 -2.38875
0.466449 -2.38915
0.467225 -2.38935
0.468001 -2.38915
0.468778 -2.38875
0.469554 -2.38805
0.47033 -2.38705
0.471106 -2.38575
0.471882 -2.38425
0.472658 -2.38255
0.473435 -2.38065
0.474211 -2.37855
0.474987 -2.37625
0.475763 -2.37385
0.476539 -2.37135
0.477316 -2.36875
0.478092 -2.36605
0.478868 -2.36335
0.479644 -2.36065
0.48042 -2.35785
0.481196 -2.35515
0.481973 -2.35255
0.482749 -2.35005
0.483525 -2.34765
0.484301 -2.34545
0.485077 -2.34355
0.485854 -2.34185
0.48663 -2.34045
0.487406 -2.33935
0.488182 -2.33875
0.488958 -2.33855
0.489734 -2.33875
0.489734 -2.33875
0.490832 -2.33855
0.49193 -2.33945
0.493027 -2.34125
0.494125 -2.34405
0.495223 -2.34775
0.49632 -2.35225
0.497418 -2.35735
0.498516 -2.36285
0.499614 -2.36875
0.500711 -2.37485
0.501809 -2.37995
0.502907 -2.38485
0.504004 -2.38975
0.505102 -2.39465
0.5062 -2.39945
0.507297 -2.40425
0.508395 -2.40905
0.509493 -2.41385
0.51059 -2.41865
0.511688 -2.42345
0.512786 -2.42745
0.513883 -2.42955
0.514981 -2.43105
0.516079 -2.43215
0.517176 -2.43275
0.518274 -2.43285
0.519372 -2.43245
0.520469 -2.43175
0.521567 -2.43065
0.522665 -2.42925
0.523762 -2.42755
0.52486 -2.42555
0.525958 -2.42345
0.527056 -2.42115
0.528153 -2.41875
0.529251 -2.41625
0.530349 -2.41375
0.531446 -2.41115
0.532544 -2.40855
0.533642 -2.40595
0.534739 -2.40335
0.535837 -2.40085
0.536935 -2.39835
0.538032 -2.39585
0.53913 -2.39335
0.540228 -2.39095
0.541325 -2.38865
0.542423 -2.38625
0.543521 -2.38395
0.544618 -2.38165
0.545716 -2.37945
0.546814 -2.37725
0.547911 -2.37505
0.549009 -2.37285
0.550107 -2.37065
0.551204 -2.36845
0.552302 -2.36635
0.5534 -2.36415
0.554498 -2.36205
0.555595 -2.35985
0.556693 -2.35775
0.557791 -2.35565
0.558888 -2.35355
0.559986 -2.35145
0.561084 -2.34945
0.562181 -2.34735
0.563279 -2.34525
0.564377 -2.34325
0.565474 -2.34125
0.566572 -2.33925
0.56767 -2.33725
0.568767 -2.33525
0.569865 -2.33335
0.570963 -2.33135
0.57206 -2.32945
0.573158 -2.32755
0.574256 -2.32565
0.575353 -2.32375
0.576451 -2.32185
0.577549 -2.31995
0.578647 -2.31805
0.579744 -2.31615
0.580842 -2.31425
0.58194 -2.31245
0.583037 -2.31055
0.584135 -2.30875
0.585233 -2.30705
0.58633 -2.30545
0.587428 -2.30395
0.588526 -2.30275
0.589623 -2.30185
0.590721 -2.30125
0.591819 -2.30115
0.592916 -2.30155
0.594014 -2.30225
0.595112 -2.30345
0.596209 -2.30495
0.597307 -2.30675
0.598405 -2.30865
