# Band 19 from P4mcc-bands-soc.dat
# Original plotting-script index j = 18
# Energy column is E - E_F in eV; Fermi level is therefore at 0 eV in these files.
# Columns: k_distance  energy_minus_EF_eV
0 -11.3672
0.000776178 -11.3667
0.00155235 -11.3654
0.00232853 -11.3633
0.00310471 -11.3606
0.00388089 -11.3576
0.00465706 -11.3544
0.00543324 -11.3513
0.00620942 -11.3484
0.0069856 -11.3459
0.00776177 -11.3436
0.00853795 -11.3417
0.00931413 -11.3402
0.0100903 -11.339
0.0108665 -11.3381
0.0116427 -11.3376
0.0124188 -11.3374
0.013195 -11.3375
0.0139712 -11.3381
0.0147474 -11.3391
0.0155235 -11.3406
0.0162997 -11.3427
0.0170759 -11.3454
0.0178521 -11.3489
0.0186283 -11.3532
0.0194044 -11.3583
0.0201806 -11.3642
0.0209568 -11.3709
0.021733 -11.3784
0.0225091 -11.3865
0.0232853 -11.3951
0.0240615 -11.4043
0.0248377 -11.4139
0.0256138 -11.4239
0.02639 -11.4342
0.0271662 -11.4447
0.0279424 -11.4555
0.0287186 -11.4664
0.0294947 -11.4776
0.0302709 -11.4889
0.0310471 -11.5003
0.0318233 -11.5118
0.0325994 -11.5234
0.0333756 -11.5351
0.0341518 -11.5468
0.034928 -11.5586
0.0357042 -11.5705
0.0364803 -11.5824
0.0372565 -11.5944
0.0380327 -11.6063
0.0388089 -11.6183
0.039585 -11.6303
0.0403612 -11.6423
0.0411374 -11.6543
0.0419136 -11.6664
0.0426897 -11.6784
0.0434659 -11.6904
0.0442421 -11.7024
0.0450183 -11.7144
0.0457945 -11.7264
0.0465706 -11.7383
0.0473468 -11.7503
0.048123 -11.7622
0.0488992 -11.7741
0.0496753 -11.7859
0.0504515 -11.7977
0.0512277 -11.8095
0.0520039 -11.8213
0.0527801 -11.833
0.0535562 -11.8446
0.0543324 -11.8562
0.0551086 -11.8678
0.0558848 -11.8793
0.0566609 -11.8908
0.0574371 -11.9022
0.0582133 -11.9135
0.0589895 -11.9248
0.0597656 -11.936
0.0605418 -11.9471
0.061318 -11.9582
0.0620942 -11.9692
0.0628704 -11.9801
0.0636465 -11.9909
0.0644227 -12.0016
0.0651989 -12.0122
0.0659751 -12.0227
0.0667512 -12.0331
0.0675274 -12.0434
0.0683036 -12.0534
0.0690798 -12.0634
0.069856 -12.0731
0.0706321 -12.0825
0.0714083 -12.0916
0.0721845 -12.1004
0.0729607 -12.1085
0.0737368 -12.116
0.074513 -12.1225
0.0752892 -12.1277
0.0760654 -12.131
0.0768415 -12.1322
0.0768415 -12.1322
0.0776177 -12.1322
0.0783939 -12.1321
0.0791701 -12.132
0.0799463 -12.1319
0.0807224 -12.1318
0.0814986 -12.1316
0.0822748 -12.1314
0.083051 -12.1311
0.0838271 -12.1308
0.0846033 -12.1305
0.0853795 -12.1302
0.0861557 -12.1298
0.0869319 -12.1294
0.087708 -12.129
0.0884842 -12.1285
0.0892604 -12.128
0.0900366 -12.1275
0.0908127 -12.1269
0.0915889 -12.1263
0.0923651 -12.1257
0.0931413 -12.1251
0.0939174 -12.1244
0.0946936 -12.1238
0.0954698 -12.1231
0.096246 -12.1223
0.0970222 -12.1216
0.0977983 -12.1208
0.0985745 -12.12
0.0993507 -12.1192
0.100127 -12.1184
0.100903 -12.1175
0.101679 -12.1167
0.102455 -12.1158
0.103232 -12.1149
0.104008 -12.1141
0.104784 -12.1132
0.10556 -12.1123
0.106336 -12.1114
0.107112 -12.1105
0.107889 -12.1096
0.108665 -12.1087
0.109441 -12.1078
0.110217 -12.107
0.110993 -12.1062
0.11177 -12.1054
0.112546 -12.1046
0.113322 -12.1039
0.114098 -12.1033
0.114874 -12.1028
0.11565 -12.1023
0.116427 -12.102
0.117203 -12.1019
0.117979 -12.102
0.118755 -12.1024
0.119531 -12.1033
0.120307 -12.1047
0.121084 -12.1071
0.12186 -12.1105
0.122636 -12.1156
0.123412 -12.1182
0.124188 -12.1156
0.124965 -12.1129
0.125741 -12.1103
0.126517 -12.1077
0.127293 -12.1051
0.128069 -12.1026
0.128845 -12.1
0.129622 -12.0975
0.130398 -12.0951
0.131174 -12.0926
0.13195 -12.0902
0.132726 -12.0878
0.133502 -12.0855
0.134279 -12.0832
0.135055 -12.081
0.135831 -12.0788
0.136607 -12.0767
0.137383 -12.0747
0.13816 -12.0727
0.138936 -12.0708
0.139712 -12.0689
0.140488 -12.0672
0.141264 -12.0655
0.14204 -12.0639
0.142817 -12.0624
0.143593 -12.061
0.144369 -12.0597
0.145145 -12.0585
0.145921 -12.0574
0.146697 -12.0563
0.147474 -12.0555
0.14825 -12.0547
0.149026 -12.054
0.149802 -12.0535
0.150578 -12.0531
0.151355 -12.0528
0.152131 -12.0526
0.152907 -12.0525
0.153683 -12.0525
0.153683 -12.0525
0.154781 -12.0526
0.155878 -12.0531
0.156976 -12.0543
0.158074 -12.0562
0.159171 -12.0587
0.160269 -12.0617
0.161367 -12.0652
0.162465 -12.0693
0.163562 -12.0738
0.16466 -12.0788
0.165758 -12.0842
0.166855 -12.0901
0.167953 -12.0963
0.169051 -12.103
0.170148 -12.11
0.171246 -12.1173
0.172344 -12.125
0.173441 -12.1329
0.174539 -12.1411
0.175637 -12.1495
0.176734 -12.1582
0.177832 -12.1671
0.17893 -12.1762
0.180027 -12.1854
0.181125 -12.1948
0.182223 -12.2026
0.18332 -12.1822
0.184418 -12.1619
0.185516 -12.1418
0.186614 -12.122
0.187711 -12.1024
0.188809 -12.083
0.189907 -12.064
0.191004 -12.0452
0.192102 -12.0267
0.1932 -12.0086
0.194297 -11.9908
0.195395 -11.9733
0.196493 -11.9562
0.19759 -11.9394
0.198688 -11.923
0.199786 -11.907
0.200883 -11.8913
0.201981 -11.876
0.203079 -11.8609
0.204176 -11.8462
0.205274 -11.8317
0.206372 -11.8174
0.207469 -11.8033
0.208567 -11.7894
0.209665 -11.7756
0.210762 -11.7619
0.21186 -11.7483
0.212958 -11.7347
0.214056 -11.7212
0.215153 -11.7078
0.216251 -11.6943
0.217349 -11.6809
0.218446 -11.6676
0.219544 -11.6542
0.220642 -11.6409
0.221739 -11.6277
0.222837 -11.6145
0.223935 -11.6013
0.225032 -11.5883
0.22613 -11.5753
0.227228 -11.5624
0.228325 -11.5497
0.229423 -11.5371
0.230521 -11.5248
0.231618 -11.5126
0.232716 -11.5007
0.233814 -11.489
0.234911 -11.4777
0.236009 -11.4666
0.237107 -11.4559
0.238204 -11.4456
0.239302 -11.4357
0.2404 -11.4263
0.241498 -11.4173
0.242595 -11.4087
0.243693 -11.4007
0.244791 -11.3931
0.245888 -11.3861
0.246986 -11.3796
0.248084 -11.3737
0.249181 -11.3684
0.250279 -11.3637
0.251377 -11.3597
0.252474 -11.3566
0.253572 -11.3543
0.25467 -11.3531
0.255767 -11.3531
0.256865 -11.3545
0.257963 -11.3571
0.25906 -11.3604
0.260158 -11.3638
0.261256 -11.3663
0.262353 -11.3672
0.262353 -11.3672
0.263098 -11.3672
0.263842 -11.3671
0.264587 -11.3669
0.265331 -11.3667
0.266076 -11.3665
0.26682 -11.3661
0.267564 -11.3658
0.268309 -11.3653
0.269053 -11.3648
0.269798 -11.3643
0.270542 -11.3637
0.271287 -11.363
0.272031 -11.3623
0.272775 -11.3615
0.27352 -11.3607
0.274264 -11.3598
0.275009 -11.3588
0.275753 -11.3578
0.276497 -11.3568
0.277242 -11.3557
0.277986 -11.3545
0.278731 -11.3532
0.279475 -11.352
0.28022 -11.3506
0.280964 -11.3492
0.281708 -11.3478
0.282453 -11.3463
0.283197 -11.3447
0.283942 -11.3431
0.284686 -11.3414
0.285431 -11.3397
0.286175 -11.3379
0.286919 -11.3361
0.287664 -11.3342
0.288408 -11.3323
0.289153 -11.3303
0.289897 -11.3283
0.290642 -11.3262
0.291386 -11.3241
0.29213 -11.3219
0.292875 -11.3196
0.293619 -11.3174
0.294364 -11.315
0.295108 -11.3126
0.295852 -11.3102
0.296597 -11.3077
0.297341 -11.3052
0.298086 -11.3027
0.29883 -11.3
0.299575 -11.2974
0.300319 -11.2947
0.301063 -11.2919
0.301808 -11.2891
0.302552 -11.2863
0.303297 -11.2834
0.304041 -11.2805
0.304786 -11.2775
0.30553 -11.2745
0.306274 -11.2715
0.307019 -11.2684
0.307763 -11.2653
0.308508 -11.2621
0.309252 -11.2589
0.309997 -11.2556
0.310741 -11.2524
0.311485 -11.2491
0.31223 -11.2457
0.312974 -11.2423
0.313719 -11.2414
0.314463 -11.245
0.315207 -11.2486
0.315952 -11.2523
0.316696 -11.256
0.317441 -11.2597
0.318185 -11.2634
0.31893 -11.2672
0.319674 -11.2709
0.320418 -11.2747
0.321163 -11.2786
0.321907 -11.2824
0.322652 -11.2863
0.323396 -11.2902
0.324141 -11.2941
0.324885 -11.298
0.325629 -11.302
0.326374 -11.3059
0.327118 -11.3099
0.327863 -11.3139
0.328607 -11.3179
0.329351 -11.3219
0.330096 -11.3259
0.33084 -11.3299
0.331585 -11.334
0.332329 -11.338
0.333074 -11.3421
0.333818 -11.3461
0.334562 -11.3502
0.335307 -11.3542
0.336051 -11.3583
0.336051 -11.3583
0.336827 -11.359
0.337604 -11.3612
0.33838 -11.3649
0.339156 -11.3699
0.339932 -11.3762
0.340708 -11.3836
0.341485 -11.3919
0.342261 -11.4011
0.343037 -11.4111
0.343813 -11.4217
0.344589 -11.4328
0.345365 -11.4444
0.346142 -11.4564
0.346918 -11.4688
0.347694 -11.4815
0.34847 -11.4946
0.349246 -11.5078
0.350022 -11.5213
0.350799 -11.535
0.351575 -11.5489
0.352351 -11.563
0.353127 -11.5772
0.353903 -11.5915
0.35468 -11.606
0.355456 -11.6206
0.356232 -11.6353
0.357008 -11.6501
0.357784 -11.6649
0.35856 -11.6799
0.359337 -11.6949
0.360113 -11.71
0.360889 -11.7251
0.361665 -11.7403
0.362441 -11.7556
0.363218 -11.7708
0.363994 -11.7861
0.36477 -11.8015
0.365546 -11.8168
0.366322 -11.8322
0.367098 -11.8476
0.367875 -11.863
0.368651 -11.8784
0.369427 -11.8938
0.370203 -11.9091
0.370979 -11.9245
0.371755 -11.9399
0.372532 -11.9552
0.373308 -11.9706
0.374084 -11.9859
0.37486 -12.0011
0.375636 -12.0164
0.376413 -12.0316
0.377189 -12.0467
0.377965 -12.0618
0.378741 -12.0769
0.379517 -12.0918
0.380293 -12.1068
0.38107 -12.1216
0.381846 -12.1364
0.382622 -12.1511
0.383398 -12.1657
0.384174 -12.1803
0.38495 -12.1947
0.385727 -12.209
0.386503 -12.2232
0.387279 -12.2374
0.388055 -12.2513
0.388831 -12.2652
0.389608 -12.2789
0.390384 -12.2925
0.39116 -12.3059
0.391936 -12.3191
0.392712 -12.3322
0.393488 -12.345
0.394265 -12.3577
0.395041 -12.3702
0.395817 -12.3824
0.396593 -12.3944
0.397369 -12.4061
0.398145 -12.4175
0.398922 -12.4286
0.399698 -12.4394
0.400474 -12.4499
0.40125 -12.4599
0.402026 -12.4696
0.402803 -12.4788
0.403579 -12.4876
0.404355 -12.4959
0.405131 -12.5036
0.405907 -12.5108
0.406683 -12.5173
0.40746 -12.5232
0.408236 -12.5284
0.409012 -12.5329
0.409788 -12.5367
0.410564 -12.5396
0.41134 -12.5418
0.412117 -12.5432
0.412893 -12.5437
0.412893 -12.5437
0.413669 -12.5436
0.414445 -12.5436
0.415221 -12.5434
0.415998 -12.5433
0.416774 -12.5431
0.41755 -12.5428
0.418326 -12.5425
0.419102 -12.5422
0.419878 -12.5418
0.420655 -12.5414
0.421431 -12.5409
0.422207 -12.5404
0.422983 -12.5399
0.423759 -12.5393
0.424536 -12.5386
0.425312 -12.538
0.426088 -12.5373
0.426864 -12.5365
0.42764 -12.5357
0.428416 -12.5349
0.429193 -12.534
0.429969 -12.5331
0.430745 -12.5322
0.431521 -12.5312
0.432297 -12.5302
0.433073 -12.5292
0.43385 -12.5281
0.434626 -12.527
0.435402 -12.5259
0.436178 -12.5248
0.436954 -12.5236
0.437731 -12.5223
0.438507 -12.5211
0.439283 -12.5198
0.440059 -12.5185
0.440835 -12.5172
0.441611 -12.5159
0.442388 -12.5145
0.443164 -12.5132
0.44394 -12.5118
0.444716 -12.5103
0.445492 -12.5089
0.446268 -12.5075
0.447045 -12.506
0.447821 -12.5045
0.448597 -12.5031
0.449373 -12.5016
0.450149 -12.5001
0.450926 -12.4986
0.451702 -12.497
0.452478 -12.4955
0.453254 -12.494
0.45403 -12.4925
0.454806 -12.491
0.455583 -12.4895
0.456359 -12.488
0.457135 -12.4864
0.457911 -12.4849
0.458687 -12.4835
0.459463 -12.482
0.46024 -12.4805
0.461016 -12.479
0.461792 -12.4776
0.462568 -12.4762
0.463344 -12.4747
0.464121 -12.4733
0.464897 -12.472
0.465673 -12.4706
0.466449 -12.4692
0.467225 -12.4679
0.468001 -12.4666
0.468778 -12.4653
0.469554 -12.4641
0.47033 -12.4629
0.471106 -12.4617
0.471882 -12.4605
0.472658 -12.4593
0.473435 -12.4582
0.474211 -12.457
0.474987 -12.4559
0.475763 -12.4548
0.476539 -12.4538
0.477316 -12.4527
0.478092 -12.4516
0.478868 -12.4505
0.479644 -12.4494
0.48042 -12.4482
0.481196 -12.447
0.481973 -12.4457
0.482749 -12.4444
0.483525 -12.4429
0.484301 -12.4413
0.485077 -12.4397
0.485854 -12.4381
0.48663 -12.4365
0.487406 -12.4351
0.488182 -12.434
0.488958 -12.4333
0.489734 -12.4331
0.489734 -12.4331
0.490832 -12.4335
0.49193 -12.4348
0.493027 -12.4364
0.494125 -12.4379
0.495223 -12.4387
0.49632 -12.4388
0.497418 -12.4382
0.498516 -12.437
0.499614 -12.4353
0.500711 -12.4332
0.501809 -12.4306
0.502907 -12.4277
0.504004 -12.4244
0.505102 -12.4208
0.5062 -12.4169
0.507297 -12.4127
0.508395 -12.4082
0.509493 -12.4034
0.51059 -12.3983
0.511688 -12.3929
0.512786 -12.3873
0.513883 -12.3813
0.514981 -12.3751
0.516079 -12.3686
0.517176 -12.3618
0.518274 -12.3548
0.519372 -12.3475
0.520469 -12.3399
0.521567 -12.332
0.522665 -12.3239
0.523762 -12.3155
0.52486 -12.3068
0.525958 -12.2979
0.527056 -12.2887
0.528153 -12.2792
0.529251 -12.2695
0.530349 -12.2595
0.531446 -12.2493
0.532544 -12.2388
0.533642 -12.2281
0.534739 -12.2171
0.535837 -12.2059
0.536935 -12.1944
0.538032 -12.1827
0.53913 -12.1707
0.540228 -12.1585
0.541325 -12.1461
0.542423 -12.1334
0.543521 -12.1205
0.544618 -12.1073
0.545716 -12.0939
0.546814 -12.0803
0.547911 -12.0665
0.549009 -12.0524
0.550107 -12.0381
0.551204 -12.0236
0.552302 -12.0089
0.5534 -11.994
0.554498 -11.9789
0.555595 -11.9636
0.556693 -11.9481
0.557791 -11.9324
0.558888 -11.9165
0.559986 -11.9005
0.561084 -11.8843
0.562181 -11.8679
0.563279 -11.8513
0.564377 -11.8346
0.565474 -11.8177
0.566572 -11.8007
0.56767 -11.7835
0.568767 -11.7662
0.569865 -11.7488
0.570963 -11.7313
0.57206 -11.7137
0.573158 -11.696
0.574256 -11.6782
0.575353 -11.6604
0.576451 -11.6425
0.577549 -11.6245
0.578647 -11.6066
0.579744 -11.5887
0.580842 -11.5708
0.58194 -11.5529
0.583037 -11.5352
0.584135 -11.5176
0.585233 -11.5002
0.58633 -11.4831
0.587428 -11.4663
0.588526 -11.45
0.589623 -11.4342
0.590721 -11.4191
0.591819 -11.405
0.592916 -11.3921
0.594014 -11.3807
0.595112 -11.3713
0.596209 -11.3641
0.597307 -11.3597
0.598405 -11.3583
