# Band 25 from P4mcc-bands-soc.dat
# Original plotting-script index j = 24
# Energy column is E - E_F in eV; Fermi level is therefore at 0 eV in these files.
# Columns: k_distance  energy_minus_EF_eV
0 -10.8548
0.000776178 -10.8546
0.00155235 -10.8543
0.00232853 -10.8541
0.00310471 -10.8538
0.00388089 -10.8536
0.00465706 -10.8532
0.00543324 -10.8529
0.00620942 -10.8524
0.0069856 -10.852
0.00776177 -10.8514
0.00853795 -10.8508
0.00931413 -10.8502
0.0100903 -10.8495
0.0108665 -10.8487
0.0116427 -10.8479
0.0124188 -10.847
0.013195 -10.8461
0.0139712 -10.845
0.0147474 -10.8439
0.0155235 -10.8428
0.0162997 -10.8416
0.0170759 -10.8403
0.0178521 -10.8389
0.0186283 -10.8375
0.0194044 -10.836
0.0201806 -10.8344
0.0209568 -10.8327
0.021733 -10.8309
0.0225091 -10.8291
0.0232853 -10.8271
0.0240615 -10.8251
0.0248377 -10.8229
0.0256138 -10.8207
0.02639 -10.8183
0.0271662 -10.8159
0.0279424 -10.8133
0.0287186 -10.8106
0.0294947 -10.8078
0.0302709 -10.8049
0.0310471 -10.8019
0.0318233 -10.7988
0.0325994 -10.7955
0.0333756 -10.7921
0.0341518 -10.7886
0.034928 -10.785
0.0357042 -10.7813
0.0364803 -10.7775
0.0372565 -10.7736
0.0380327 -10.7696
0.0388089 -10.7655
0.039585 -10.7614
0.0403612 -10.7572
0.0411374 -10.753
0.0419136 -10.7487
0.0426897 -10.7444
0.0434659 -10.7401
0.0442421 -10.7358
0.0450183 -10.7315
0.0457945 -10.7272
0.0465706 -10.7229
0.0473468 -10.7187
0.048123 -10.7145
0.0488992 -10.7103
0.0496753 -10.7062
0.0504515 -10.7022
0.0512277 -10.6982
0.0520039 -10.6944
0.0527801 -10.6906
0.0535562 -10.6868
0.0543324 -10.6832
0.0551086 -10.6797
0.0558848 -10.6763
0.0566609 -10.673
0.0574371 -10.6697
0.0582133 -10.6666
0.0589895 -10.6637
0.0597656 -10.6608
0.0605418 -10.6581
0.061318 -10.6555
0.0620942 -10.6532
0.0628704 -10.652
0.0636465 -10.6522
0.0644227 -10.6528
0.0651989 -10.6535
0.0659751 -10.6542
0.0667512 -10.6549
0.0675274 -10.6555
0.0683036 -10.6562
0.0690798 -10.6568
0.069856 -10.6573
0.0706321 -10.6578
0.0714083 -10.6583
0.0721845 -10.6587
0.0729607 -10.659
0.0737368 -10.6593
0.074513 -10.6595
0.0752892 -10.6597
0.0760654 -10.6598
0.0768415 -10.6598
0.0768415 -10.6598
0.0776177 -10.6598
0.0783939 -10.66
0.0791701 -10.6602
0.0799463 -10.6605
0.0807224 -10.6609
0.0814986 -10.6614
0.0822748 -10.662
0.083051 -10.6627
0.0838271 -10.6635
0.0846033 -10.6644
0.0853795 -10.6654
0.0861557 -10.6664
0.0869319 -10.6676
0.087708 -10.6689
0.0884842 -10.6703
0.0892604 -10.6717
0.0900366 -10.6733
0.0908127 -10.675
0.0915889 -10.6768
0.0923651 -10.6786
0.0931413 -10.6806
0.0939174 -10.6827
0.0946936 -10.6848
0.0954698 -10.6871
0.096246 -10.6894
0.0970222 -10.6919
0.0977983 -10.6944
0.0985745 -10.697
0.0993507 -10.6997
0.100127 -10.7025
0.100903 -10.7054
0.101679 -10.7084
0.102455 -10.7114
0.103232 -10.7145
0.104008 -10.7177
0.104784 -10.721
0.10556 -10.7243
0.106336 -10.7277
0.107112 -10.7312
0.107889 -10.7347
0.108665 -10.7382
0.109441 -10.7418
0.110217 -10.7455
0.110993 -10.7492
0.11177 -10.7529
0.112546 -10.7567
0.113322 -10.7605
0.114098 -10.7643
0.114874 -10.7682
0.11565 -10.7721
0.116427 -10.776
0.117203 -10.7798
0.117979 -10.7837
0.118755 -10.7876
0.119531 -10.7915
0.120307 -10.7954
0.121084 -10.7993
0.12186 -10.8032
0.122636 -10.807
0.123412 -10.8108
0.124188 -10.8146
0.124965 -10.8183
0.125741 -10.822
0.126517 -10.8257
0.127293 -10.8293
0.128069 -10.8329
0.128845 -10.8364
0.129622 -10.8398
0.130398 -10.8432
0.131174 -10.8465
0.13195 -10.8497
0.132726 -10.8529
0.133502 -10.856
0.134279 -10.859
0.135055 -10.8619
0.135831 -10.8647
0.136607 -10.8674
0.137383 -10.8701
0.13816 -10.8726
0.138936 -10.875
0.139712 -10.8773
0.140488 -10.8796
0.141264 -10.8817
0.14204 -10.8836
0.142817 -10.8855
0.143593 -10.8873
0.144369 -10.8889
0.145145 -10.8904
0.145921 -10.8918
0.146697 -10.893
0.147474 -10.8942
0.14825 -10.8952
0.149026 -10.896
0.149802 -10.8968
0.150578 -10.8974
0.151355 -10.8978
0.152131 -10.8982
0.152907 -10.8984
0.153683 -10.8984
0.153683 -10.8984
0.154781 -10.8983
0.155878 -10.8979
0.156976 -10.8972
0.158074 -10.8963
0.159171 -10.8951
0.160269 -10.8936
0.161367 -10.8919
0.162465 -10.8899
0.163562 -10.8876
0.16466 -10.8851
0.165758 -10.8824
0.166855 -10.8794
0.167953 -10.8762
0.169051 -10.8727
0.170148 -10.869
0.171246 -10.8651
0.172344 -10.8609
0.173441 -10.8566
0.174539 -10.852
0.175637 -10.8473
0.176734 -10.8424
0.177832 -10.8373
0.17893 -10.832
0.180027 -10.8266
0.181125 -10.821
0.182223 -10.8153
0.18332 -10.8095
0.184418 -10.8036
0.185516 -10.7975
0.186614 -10.7914
0.187711 -10.7853
0.188809 -10.779
0.189907 -10.7728
0.191004 -10.7665
0.192102 -10.7602
0.1932 -10.7539
0.194297 -10.7477
0.195395 -10.7415
0.196493 -10.7353
0.19759 -10.7293
0.198688 -10.7233
0.199786 -10.7175
0.200883 -10.7118
0.201981 -10.7062
0.203079 -10.7009
0.204176 -10.6957
0.205274 -10.6907
0.206372 -10.686
0.207469 -10.6815
0.208567 -10.6772
0.209665 -10.6733
0.210762 -10.6696
0.21186 -10.6663
0.212958 -10.6633
0.214056 -10.6606
0.215153 -10.6583
0.216251 -10.6563
0.217349 -10.6548
0.218446 -10.6536
0.219544 -10.6528
0.220642 -10.6525
0.221739 -10.6525
0.222837 -10.653
0.223935 -10.6539
0.225032 -10.6554
0.22613 -10.6653
0.227228 -10.6815
0.228325 -10.6976
0.229423 -10.7134
0.230521 -10.7288
0.231618 -10.7436
0.232716 -10.7578
0.233814 -10.7711
0.234911 -10.7834
0.236009 -10.7946
0.237107 -10.8046
0.238204 -10.8133
0.239302 -10.8208
0.2404 -10.8271
0.241498 -10.8324
0.242595 -10.8367
0.243693 -10.8403
0.244791 -10.8431
0.245888 -10.8455
0.246986 -10.8474
0.248084 -10.8489
0.249181 -10.8501
0.250279 -10.851
0.251377 -10.8518
0.252474 -10.8524
0.253572 -10.8529
0.25467 -10.8533
0.255767 -10.8536
0.256865 -10.8538
0.257963 -10.854
0.25906 -10.8541
0.260158 -10.8543
0.261256 -10.8545
0.262353 -10.8548
0.262353 -10.8548
0.263098 -10.8548
0.263842 -10.8549
0.264587 -10.8551
0.265331 -10.8553
0.266076 -10.8556
0.26682 -10.8559
0.267564 -10.8563
0.268309 -10.8567
0.269053 -10.8572
0.269798 -10.8578
0.270542 -10.8584
0.271287 -10.8591
0.272031 -10.8599
0.272775 -10.8607
0.27352 -10.8617
0.274264 -10.8628
0.275009 -10.864
0.275753 -10.8652
0.276497 -10.8665
0.277242 -10.8679
0.277986 -10.8693
0.278731 -10.8709
0.279475 -10.8724
0.28022 -10.8741
0.280964 -10.8758
0.281708 -10.8776
0.282453 -10.8794
0.283197 -10.8813
0.283942 -10.8833
0.284686 -10.8853
0.285431 -10.8874
0.286175 -10.8896
0.286919 -10.8918
0.287664 -10.8941
0.288408 -10.8964
0.289153 -10.8988
0.289897 -10.9012
0.290642 -10.9037
0.291386 -10.9063
0.29213 -10.9089
0.292875 -10.9116
0.293619 -10.9143
0.294364 -10.9171
0.295108 -10.9199
0.295852 -10.9228
0.296597 -10.9257
0.297341 -10.9287
0.298086 -10.9317
0.29883 -10.9348
0.299575 -10.9379
0.300319 -10.941
0.301063 -10.9442
0.301808 -10.9475
0.302552 -10.9508
0.303297 -10.9541
0.304041 -10.9575
0.304786 -10.9609
0.30553 -10.9643
0.306274 -10.9678
0.307019 -10.9713
0.307763 -10.9748
0.308508 -10.9784
0.309252 -10.982
0.309997 -10.9857
0.310741 -10.9894
0.311485 -10.9931
0.31223 -10.9968
0.312974 -11.0006
0.313719 -11.0043
0.314463 -11.0082
0.315207 -11.012
0.315952 -11.0159
0.316696 -11.0197
0.317441 -11.0236
0.318185 -11.0276
0.31893 -11.0315
0.319674 -11.0355
0.320418 -11.0394
0.321163 -11.0434
0.321907 -11.0474
0.322652 -11.0514
0.323396 -11.0554
0.324141 -11.0595
0.324885 -11.0635
0.325629 -11.0676
0.326374 -11.0716
0.327118 -11.0757
0.327863 -11.0798
0.328607 -11.0839
0.329351 -11.0879
0.330096 -11.092
0.33084 -11.0961
0.331585 -11.1002
0.332329 -11.1015
0.333074 -11.098
0.333818 -11.0946
0.334562 -11.0911
0.335307 -11.0876
0.336051 -11.0841
0.336051 -11.0841
0.336827 -11.0839
0.337604 -11.0831
0.33838 -11.0816
0.339156 -11.0793
0.339932 -11.0761
0.340708 -11.0721
0.341485 -11.0671
0.342261 -11.0612
0.343037 -11.0546
0.343813 -11.0473
0.344589 -11.0395
0.345365 -11.0313
0.346142 -11.0227
0.346918 -11.0139
0.347694 -11.0049
0.34847 -10.9958
0.349246 -10.9866
0.350022 -10.9774
0.350799 -10.9681
0.351575 -10.9588
0.352351 -10.9496
0.353127 -10.9404
0.353903 -10.9313
0.35468 -10.9222
0.355456 -10.9133
0.356232 -10.9044
0.357008 -10.8956
0.357784 -10.887
0.35856 -10.8784
0.359337 -10.87
0.360113 -10.8617
0.360889 -10.8536
0.361665 -10.8456
0.362441 -10.8377
0.363218 -10.8299
0.363994 -10.8223
0.36477 -10.8149
0.365546 -10.8076
0.366322 -10.8004
0.367098 -10.7934
0.367875 -10.7866
0.368651 -10.7799
0.369427 -10.7734
0.370203 -10.767
0.370979 -10.7608
0.371755 -10.7547
0.372532 -10.7488
0.373308 -10.743
0.374084 -10.7374
0.37486 -10.7319
0.375636 -10.7266
0.376413 -10.7214
0.377189 -10.7164
0.377965 -10.7116
0.378741 -10.7069
0.379517 -10.7023
0.380293 -10.6979
0.38107 -10.6936
0.381846 -10.6895
0.382622 -10.6855
0.383398 -10.6816
0.384174 -10.6779
0.38495 -10.6743
0.385727 -10.6709
0.386503 -10.6675
0.387279 -10.6643
0.388055 -10.6613
0.388831 -10.6583
0.389608 -10.6555
0.390384 -10.6528
0.39116 -10.6502
0.391936 -10.6477
0.392712 -10.6453
0.393488 -10.6431
0.394265 -10.6409
0.395041 -10.6389
0.395817 -10.6369
0.396593 -10.6351
0.397369 -10.6333
0.398145 -10.6317
0.398922 -10.6302
0.399698 -10.6287
0.400474 -10.6273
0.40125 -10.626
0.402026 -10.6249
0.402803 -10.6238
0.403579 -10.6227
0.404355 -10.6218
0.405131 -10.6209
0.405907 -10.6202
0.406683 -10.6195
0.40746 -10.6188
0.408236 -10.6183
0.409012 -10.6178
0.409788 -10.6174
0.410564 -10.6171
0.41134 -10.6168
0.412117 -10.6167
0.412893 -10.6166
0.412893 -10.6166
0.413669 -10.6165
0.414445 -10.616
0.415221 -10.6152
0.415998 -10.614
0.416774 -10.6125
0.41755 -10.6107
0.418326 -10.6086
0.419102 -10.6062
0.419878 -10.6036
0.420655 -10.6009
0.421431 -10.598
0.422207 -10.5949
0.422983 -10.5917
0.423759 -10.5885
0.424536 -10.5852
0.425312 -10.5818
0.426088 -10.5785
0.426864 -10.5752
0.42764 -10.5719
0.428416 -10.5686
0.429193 -10.5654
0.429969 -10.5622
0.430745 -10.5592
0.431521 -10.5562
0.432297 -10.5534
0.433073 -10.5506
0.43385 -10.548
0.434626 -10.5454
0.435402 -10.543
0.436178 -10.5408
0.436954 -10.5386
0.437731 -10.5366
0.438507 -10.5347
0.439283 -10.533
0.440059 -10.5314
0.440835 -10.5299
0.441611 -10.5286
0.442388 -10.5274
0.443164 -10.5263
0.44394 -10.5253
0.444716 -10.5245
0.445492 -10.5238
0.446268 -10.5233
0.447045 -10.5228
0.447821 -10.5225
0.448597 -10.5223
0.449373 -10.5222
0.450149 -10.5222
0.450926 -10.5223
0.451702 -10.5225
0.452478 -10.5228
0.453254 -10.5232
0.45403 -10.5236
0.454806 -10.5242
0.455583 -10.5248
0.456359 -10.5255
0.457135 -10.5263
0.457911 -10.5271
0.458687 -10.528
0.459463 -10.5289
0.46024 -10.5299
0.461016 -10.5309
0.461792 -10.532
0.462568 -10.533
0.463344 -10.5342
0.464121 -10.5353
0.464897 -10.5365
0.465673 -10.5377
0.466449 -10.5389
0.467225 -10.5401
0.468001 -10.5413
0.468778 -10.5425
0.469554 -10.5436
0.47033 -10.5448
0.471106 -10.546
0.471882 -10.5471
0.472658 -10.5483
0.473435 -10.5494
0.474211 -10.5505
0.474987 -10.5515
0.475763 -10.5525
0.476539 -10.5535
0.477316 -10.5544
0.478092 -10.5553
0.478868 -10.5561
0.479644 -10.5569
0.48042 -10.5577
0.481196 -10.5584
0.481973 -10.559
0.482749 -10.5596
0.483525 -10.5601
0.484301 -10.5605
0.485077 -10.5609
0.485854 -10.5613
0.48663 -10.5616
0.487406 -10.5618
0.488182 -10.5619
0.488958 -10.562
0.489734 -10.562
0.489734 -10.562
0.490832 -10.562
0.49193 -10.5618
0.493027 -10.5615
0.494125 -10.5611
0.495223 -10.5605
0.49632 -10.5598
0.497418 -10.559
0.498516 -10.5581
0.499614 -10.5571
0.500711 -10.556
0.501809 -10.5548
0.502907 -10.5534
0.504004 -10.552
0.505102 -10.5505
0.5062 -10.549
0.507297 -10.5473
0.508395 -10.5456
0.509493 -10.5439
0.51059 -10.5421
0.511688 -10.5403
0.512786 -10.5385
0.513883 -10.5367
0.514981 -10.5349
0.516079 -10.5331
0.517176 -10.5313
0.518274 -10.5296
0.519372 -10.528
0.520469 -10.5265
0.521567 -10.525
0.522665 -10.5236
0.523762 -10.5224
0.52486 -10.5213
0.525958 -10.5204
0.527056 -10.5196
0.528153 -10.519
0.529251 -10.5186
0.530349 -10.5185
0.531446 -10.5185
0.532544 -10.5189
0.533642 -10.5195
0.534739 -10.5204
0.535837 -10.5215
0.536935 -10.523
0.538032 -10.5249
0.53913 -10.527
0.540228 -10.5295
0.541325 -10.5324
0.542423 -10.5357
0.543521 -10.5393
0.544618 -10.5434
0.545716 -10.5479
0.546814 -10.5528
0.547911 -10.5581
0.549009 -10.5638
0.550107 -10.57
0.551204 -10.5766
0.552302 -10.5837
0.5534 -10.5912
0.554498 -10.5991
0.555595 -10.6075
0.556693 -10.6164
0.557791 -10.6256
0.558888 -10.6353
0.559986 -10.6455
0.561084 -10.6561
0.562181 -10.667
0.563279 -10.6784
0.564377 -10.6902
0.565474 -10.7024
0.566572 -10.715
0.56767 -10.7279
0.568767 -10.7412
0.569865 -10.7548
0.570963 -10.7687
0.57206 -10.783
0.573158 -10.7975
0.574256 -10.8123
0.575353 -10.8273
0.576451 -10.8426
0.577549 -10.8581
0.578647 -10.8737
0.579744 -10.8895
0.580842 -10.9053
0.58194 -10.9213
0.583037 -10.9372
0.584135 -10.9531
0.585233 -10.9689
0.58633 -10.9845
0.587428 -10.9997
0.588526 -11.0145
0.589623 -11.0287
0.590721 -11.0419
0.591819 -11.0539
0.592916 -11.0642
0.594014 -11.0723
0.595112 -11.0782
0.596209 -11.0818
0.597307 -11.0837
0.598405 -11.0841
