# Band 13 from P4mcc-bands-soc.dat
# Original plotting-script index j = 12
# Energy column is E - E_F in eV; Fermi level is therefore at 0 eV in these files.
# Columns: k_distance  energy_minus_EF_eV
0 -14.0845
0.000776178 -14.0845
0.00155235 -14.0842
0.00232853 -14.0839
0.00310471 -14.0834
0.00388089 -14.0827
0.00465706 -14.0819
0.00543324 -14.0809
0.00620942 -14.0798
0.0069856 -14.0785
0.00776177 -14.0771
0.00853795 -14.0755
0.00931413 -14.0738
0.0100903 -14.0719
0.0108665 -14.0699
0.0116427 -14.0678
0.0124188 -14.0655
0.013195 -14.063
0.0139712 -14.0604
0.0147474 -14.0577
0.0155235 -14.0548
0.0162997 -14.0517
0.0170759 -14.0486
0.0178521 -14.0452
0.0186283 -14.0418
0.0194044 -14.0382
0.0201806 -14.0344
0.0209568 -14.0305
0.021733 -14.0265
0.0225091 -14.0223
0.0232853 -14.018
0.0240615 -14.0136
0.0248377 -14.009
0.0256138 -14.0043
0.02639 -13.9995
0.0271662 -13.9945
0.0279424 -13.9894
0.0287186 -13.9842
0.0294947 -13.9788
0.0302709 -13.9733
0.0310471 -13.9677
0.0318233 -13.962
0.0325994 -13.9561
0.0333756 -13.9501
0.0341518 -13.9441
0.034928 -13.9379
0.0357042 -13.9315
0.0364803 -13.9251
0.0372565 -13.9186
0.0380327 -13.9119
0.0388089 -13.9052
0.039585 -13.8983
0.0403612 -13.8914
0.0411374 -13.8844
0.0419136 -13.8772
0.0426897 -13.87
0.0434659 -13.8627
0.0442421 -13.8554
0.0450183 -13.8479
0.0457945 -13.8404
0.0465706 -13.8328
0.0473468 -13.8252
0.048123 -13.8175
0.0488992 -13.8098
0.0496753 -13.802
0.0504515 -13.7942
0.0512277 -13.7864
0.0520039 -13.7785
0.0527801 -13.7707
0.0535562 -13.7628
0.0543324 -13.755
0.0551086 -13.7472
0.0558848 -13.7394
0.0566609 -13.7316
0.0574371 -13.724
0.0582133 -13.7163
0.0589895 -13.7088
0.0597656 -13.7014
0.0605418 -13.694
0.061318 -13.6868
0.0620942 -13.6798
0.0628704 -13.6729
0.0636465 -13.6662
0.0644227 -13.6597
0.0651989 -13.6535
0.0659751 -13.6475
0.0667512 -13.6417
0.0675274 -13.6363
0.0683036 -13.6312
0.0690798 -13.6264
0.069856 -13.622
0.0706321 -13.618
0.0714083 -13.6144
0.0721845 -13.6113
0.0729607 -13.6086
0.0737368 -13.6063
0.074513 -13.6046
0.0752892 -13.6033
0.0760654 -13.6025
0.0768415 -13.6023
0.0768415 -13.6023
0.0776177 -13.6022
0.0783939 -13.6019
0.0791701 -13.6015
0.0799463 -13.6009
0.0807224 -13.6001
0.0814986 -13.5991
0.0822748 -13.598
0.083051 -13.5967
0.0838271 -13.5952
0.0846033 -13.5935
0.0853795 -13.5916
0.0861557 -13.5896
0.0869319 -13.5874
0.087708 -13.5851
0.0884842 -13.5825
0.0892604 -13.5798
0.0900366 -13.5769
0.0908127 -13.5738
0.0915889 -13.5706
0.0923651 -13.5672
0.0931413 -13.5636
0.0939174 -13.5598
0.0946936 -13.5559
0.0954698 -13.5517
0.096246 -13.5474
0.0970222 -13.543
0.0977983 -13.5384
0.0985745 -13.5335
0.0993507 -13.5286
0.100127 -13.5234
0.100903 -13.5181
0.101679 -13.5126
0.102455 -13.5069
0.103232 -13.5011
0.104008 -13.4951
0.104784 -13.4889
0.10556 -13.4825
0.106336 -13.476
0.107112 -13.4693
0.107889 -13.4625
0.108665 -13.4554
0.109441 -13.4482
0.110217 -13.4409
0.110993 -13.4334
0.11177 -13.4257
0.112546 -13.4178
0.113322 -13.4098
0.114098 -13.4016
0.114874 -13.3932
0.11565 -13.3847
0.116427 -13.376
0.117203 -13.3671
0.117979 -13.3581
0.118755 -13.3489
0.119531 -13.3396
0.120307 -13.3301
0.121084 -13.3204
0.12186 -13.3106
0.122636 -13.3006
0.123412 -13.2904
0.124188 -13.2801
0.124965 -13.2696
0.125741 -13.259
0.126517 -13.2482
0.127293 -13.2373
0.128069 -13.2262
0.128845 -13.215
0.129622 -13.2036
0.130398 -13.192
0.131174 -13.1803
0.13195 -13.1685
0.132726 -13.1565
0.133502 -13.1443
0.134279 -13.132
0.135055 -13.1196
0.135831 -13.107
0.136607 -13.0943
0.137383 -13.0814
0.13816 -13.0684
0.138936 -13.0552
0.139712 -13.0419
0.140488 -13.0285
0.141264 -13.015
0.14204 -13.0013
0.142817 -12.9875
0.143593 -12.9736
0.144369 -12.9596
0.145145 -12.9454
0.145921 -12.9312
0.146697 -12.9169
0.147474 -12.9026
0.14825 -12.8883
0.149026 -12.874
0.149802 -12.86
0.150578 -12.8463
0.151355 -12.8335
0.152131 -12.8224
0.152907 -12.8146
0.153683 -12.8118
0.153683 -12.8118
0.154781 -12.8174
0.155878 -12.8317
0.156976 -12.8504
0.158074 -12.8707
0.159171 -12.8918
0.160269 -12.9132
0.161367 -12.9347
0.162465 -12.9563
0.163562 -12.9779
0.16466 -12.9995
0.165758 -13.0209
0.166855 -13.0424
0.167953 -13.0637
0.169051 -13.0849
0.170148 -13.106
0.171246 -13.127
0.172344 -13.1478
0.173441 -13.1686
0.174539 -13.1892
0.175637 -13.2096
0.176734 -13.2299
0.177832 -13.25
0.17893 -13.27
0.180027 -13.2898
0.181125 -13.3094
0.182223 -13.3288
0.18332 -13.3481
0.184418 -13.3672
0.185516 -13.3861
0.186614 -13.4048
0.187711 -13.4233
0.188809 -13.4416
0.189907 -13.4597
0.191004 -13.4775
0.192102 -13.4952
0.1932 -13.5127
0.194297 -13.5299
0.195395 -13.5469
0.196493 -13.5637
0.19759 -13.5803
0.198688 -13.5966
0.199786 -13.6127
0.200883 -13.6285
0.201981 -13.6442
0.203079 -13.6595
0.204176 -13.6747
0.205274 -13.6895
0.206372 -13.7042
0.207469 -13.7186
0.208567 -13.7327
0.209665 -13.7466
0.210762 -13.7602
0.21186 -13.7736
0.212958 -13.7867
0.214056 -13.7995
0.215153 -13.8121
0.216251 -13.8244
0.217349 -13.8364
0.218446 -13.8482
0.219544 -13.8597
0.220642 -13.8709
0.221739 -13.8819
0.222837 -13.8926
0.223935 -13.903
0.225032 -13.9131
0.22613 -13.9229
0.227228 -13.9325
0.228325 -13.9417
0.229423 -13.9507
0.230521 -13.9594
0.231618 -13.9679
0.232716 -13.976
0.233814 -13.9838
0.234911 -13.9914
0.236009 -13.9986
0.237107 -14.0056
0.238204 -14.0123
0.239302 -14.0187
0.2404 -14.0248
0.241498 -14.0306
0.242595 -14.0361
0.243693 -14.0414
0.244791 -14.0463
0.245888 -14.0509
0.246986 -14.0552
0.248084 -14.0593
0.249181 -14.063
0.250279 -14.0665
0.251377 -14.0696
0.252474 -14.0724
0.253572 -14.075
0.25467 -14.0772
0.255767 -14.0792
0.256865 -14.0808
0.257963 -14.0822
0.25906 -14.0832
0.260158 -14.084
0.261256 -14.0844
0.262353 -14.0845
0.262353 -14.0845
0.263098 -14.0845
0.263842 -14.0843
0.264587 -14.0839
0.265331 -14.0835
0.266076 -14.0829
0.26682 -14.0821
0.267564 -14.0813
0.268309 -14.0803
0.269053 -14.0791
0.269798 -14.0779
0.270542 -14.0765
0.271287 -14.0749
0.272031 -14.0733
0.272775 -14.0715
0.27352 -14.0695
0.274264 -14.0674
0.275009 -14.0652
0.275753 -14.0629
0.276497 -14.0604
0.277242 -14.0578
0.277986 -14.0551
0.278731 -14.0523
0.279475 -14.0493
0.28022 -14.0461
0.280964 -14.0429
0.281708 -14.0395
0.282453 -14.036
0.283197 -14.0324
0.283942 -14.0286
0.284686 -14.0247
0.285431 -14.0207
0.286175 -14.0165
0.286919 -14.0122
0.287664 -14.0078
0.288408 -14.0033
0.289153 -13.9987
0.289897 -13.9939
0.290642 -13.989
0.291386 -13.984
0.29213 -13.9788
0.292875 -13.9735
0.293619 -13.9682
0.294364 -13.9626
0.295108 -13.957
0.295852 -13.9513
0.296597 -13.9454
0.297341 -13.9394
0.298086 -13.9333
0.29883 -13.9271
0.299575 -13.9207
0.300319 -13.9143
0.301063 -13.9077
0.301808 -13.901
0.302552 -13.8942
0.303297 -13.8873
0.304041 -13.8803
0.304786 -13.8731
0.30553 -13.8659
0.306274 -13.8585
0.307019 -13.8511
0.307763 -13.8435
0.308508 -13.8359
0.309252 -13.8281
0.309997 -13.8202
0.310741 -13.8122
0.311485 -13.8041
0.31223 -13.796
0.312974 -13.7877
0.313719 -13.7793
0.314463 -13.7708
0.315207 -13.7623
0.315952 -13.7536
0.316696 -13.7448
0.317441 -13.736
0.318185 -13.7271
0.31893 -13.718
0.319674 -13.7089
0.320418 -13.6997
0.321163 -13.6904
0.321907 -13.6811
0.322652 -13.6716
0.323396 -13.6621
0.324141 -13.6525
0.324885 -13.6428
0.325629 -13.633
0.326374 -13.6232
0.327118 -13.6133
0.327863 -13.6033
0.328607 -13.5933
0.329351 -13.5832
0.330096 -13.573
0.33084 -13.5627
0.331585 -13.5524
0.332329 -13.542
0.333074 -13.5316
0.333818 -13.5211
0.334562 -13.5106
0.335307 -13.5
0.336051 -13.4894
0.336051 -13.4894
0.336827 -13.4893
0.337604 -13.4891
0.33838 -13.4888
0.339156 -13.4883
0.339932 -13.4877
0.340708 -13.487
0.341485 -13.4861
0.342261 -13.4851
0.343037 -13.4839
0.343813 -13.4826
0.344589 -13.4812
0.345365 -13.4796
0.346142 -13.4779
0.346918 -13.4761
0.347694 -13.4741
0.34847 -13.4719
0.349246 -13.4697
0.350022 -13.4673
0.350799 -13.4648
0.351575 -13.4621
0.352351 -13.4593
0.353127 -13.4564
0.353903 -13.4533
0.35468 -13.4501
0.355456 -13.4468
0.356232 -13.4433
0.357008 -13.4397
0.357784 -13.4359
0.35856 -13.4321
0.359337 -13.4281
0.360113 -13.424
0.360889 -13.4197
0.361665 -13.4153
0.362441 -13.4108
0.363218 -13.4062
0.363994 -13.4014
0.36477 -13.3965
0.365546 -13.3915
0.366322 -13.3864
0.367098 -13.3811
0.367875 -13.3757
0.368651 -13.3702
0.369427 -13.3646
0.370203 -13.3588
0.370979 -13.353
0.371755 -13.347
0.372532 -13.3409
0.373308 -13.3347
0.374084 -13.3284
0.37486 -13.322
0.375636 -13.3155
0.376413 -13.3089
0.377189 -13.3021
0.377965 -13.2953
0.378741 -13.2884
0.379517 -13.2814
0.380293 -13.2742
0.38107 -13.267
0.381846 -13.2598
0.382622 -13.2524
0.383398 -13.2449
0.384174 -13.2374
0.38495 -13.2298
0.385727 -13.2221
0.386503 -13.2144
0.387279 -13.2066
0.388055 -13.1988
0.388831 -13.1909
0.389608 -13.183
0.390384 -13.1751
0.39116 -13.1671
0.391936 -13.1592
0.392712 -13.1512
0.393488 -13.1432
0.394265 -13.1353
0.395041 -13.1273
0.395817 -13.1195
0.396593 -13.1117
0.397369 -13.1039
0.398145 -13.0963
0.398922 -13.0888
0.399698 -13.0814
0.400474 -13.0742
0.40125 -13.0671
0.402026 -13.0603
0.402803 -13.0537
0.403579 -13.0474
0.404355 -13.0414
0.405131 -13.0357
0.405907 -13.0304
0.406683 -13.0255
0.40746 -13.0211
0.408236 -13.0172
0.409012 -13.0138
0.409788 -13.0109
0.410564 -13.0086
0.41134 -13.007
0.412117 -13.0059
0.412893 -13.0055
0.412893 -13.0055
0.413669 -13.0055
0.414445 -13.0053
0.415221 -13.005
0.415998 -13.0045
0.416774 -13.0039
0.41755 -13.0031
0.418326 -13.0022
0.419102 -13.0011
0.419878 -12.9999
0.420655 -12.9985
0.421431 -12.997
0.422207 -12.9954
0.422983 -12.9935
0.423759 -12.9916
0.424536 -12.9895
0.425312 -12.9873
0.426088 -12.9849
0.426864 -12.9823
0.42764 -12.9797
0.428416 -12.9768
0.429193 -12.9739
0.429969 -12.9708
0.430745 -12.9675
0.431521 -12.9641
0.432297 -12.9606
0.433073 -12.9569
0.43385 -12.953
0.434626 -12.9491
0.435402 -12.945
0.436178 -12.9407
0.436954 -12.9363
0.437731 -12.9318
0.438507 -12.9271
0.439283 -12.9223
0.440059 -12.9173
0.440835 -12.9123
0.441611 -12.907
0.442388 -12.9017
0.443164 -12.8962
0.44394 -12.8905
0.444716 -12.8848
0.445492 -12.8789
0.446268 -12.8728
0.447045 -12.8667
0.447821 -12.8604
0.448597 -12.854
0.449373 -12.8474
0.450149 -12.8407
0.450926 -12.8339
0.451702 -12.827
0.452478 -12.82
0.453254 -12.8128
0.45403 -12.8055
0.454806 -12.7981
0.455583 -12.7906
0.456359 -12.7829
0.457135 -12.7752
0.457911 -12.7673
0.458687 -12.7594
0.459463 -12.7513
0.46024 -12.7431
0.461016 -12.7348
0.461792 -12.7265
0.462568 -12.718
0.463344 -12.7094
0.464121 -12.7008
0.464897 -12.6921
0.465673 -12.6833
0.466449 -12.6744
0.467225 -12.6655
0.468001 -12.6565
0.468778 -12.6475
0.469554 -12.6385
0.47033 -12.6294
0.471106 -12.6202
0.471882 -12.6111
0.472658 -12.602
0.473435 -12.5929
0.474211 -12.5839
0.474987 -12.5749
0.475763 -12.5659
0.476539 -12.5571
0.477316 -12.5485
0.478092 -12.54
0.478868 -12.5317
0.479644 -12.5237
0.48042 -12.516
0.481196 -12.5087
0.481973 -12.5019
0.482749 -12.4956
0.483525 -12.4899
0.484301 -12.4848
0.485077 -12.4805
0.485854 -12.4769
0.48663 -12.474
0.487406 -12.4718
0.488182 -12.4702
0.488958 -12.4692
0.489734 -12.4687
0.489734 -12.4687
0.490832 -12.4695
0.49193 -12.4715
0.493027 -12.4751
0.494125 -12.4804
0.495223 -12.4877
0.49632 -12.4969
0.497418 -12.5077
0.498516 -12.5198
0.499614 -12.533
0.500711 -12.547
0.501809 -12.5617
0.502907 -12.5769
0.504004 -12.5926
0.505102 -12.6086
0.5062 -12.6248
0.507297 -12.6413
0.508395 -12.6579
0.509493 -12.6746
0.51059 -12.6914
0.511688 -12.7083
0.512786 -12.7251
0.513883 -12.742
0.514981 -12.7589
0.516079 -12.7757
0.517176 -12.7925
0.518274 -12.8092
0.519372 -12.8258
0.520469 -12.8423
0.521567 -12.8588
0.522665 -12.8751
0.523762 -12.8913
0.52486 -12.9073
0.525958 -12.9233
0.527056 -12.9391
0.528153 -12.9547
0.529251 -12.9702
0.530349 -12.9855
0.531446 -13.0007
0.532544 -13.0157
0.533642 -13.0305
0.534739 -13.0451
0.535837 -13.0596
0.536935 -13.0738
0.538032 -13.0879
0.53913 -13.1017
0.540228 -13.1154
0.541325 -13.1288
0.542423 -13.1421
0.543521 -13.1551
0.544618 -13.1679
0.545716 -13.1805
0.546814 -13.1928
0.547911 -13.205
0.549009 -13.2169
0.550107 -13.2286
0.551204 -13.24
0.552302 -13.2512
0.5534 -13.2622
0.554498 -13.2729
0.555595 -13.2834
0.556693 -13.2937
0.557791 -13.3037
0.558888 -13.3134
0.559986 -13.3229
0.561084 -13.3322
0.562181 -13.3412
0.563279 -13.35
0.564377 -13.3585
0.565474 -13.3667
0.566572 -13.3747
0.56767 -13.3824
0.568767 -13.3899
0.569865 -13.397
0.570963 -13.404
0.57206 -13.4107
0.573158 -13.4171
0.574256 -13.4232
0.575353 -13.4291
0.576451 -13.4347
0.577549 -13.44
0.578647 -13.4451
0.579744 -13.4499
0.580842 -13.4544
0.58194 -13.4586
0.583037 -13.4626
0.584135 -13.4663
0.585233 -13.4697
0.58633 -13.4729
0.587428 -13.4758
0.588526 -13.4784
0.589623 -13.4807
0.590721 -13.4828
0.591819 -13.4845
0.592916 -13.486
0.594014 -13.4872
0.595112 -13.4882
0.596209 -13.4889
0.597307 -13.4892
0.598405 -13.4894
