# Band 01 from P4mcc-bands-soc.dat
# Original plotting-script index j = 0
# Energy column is E - E_F in eV; Fermi level is therefore at 0 eV in these files.
# Columns: k_distance  energy_minus_EF_eV
0 -40.4978
0.000776178 -40.4978
0.00155235 -40.4978
0.00232853 -40.4978
0.00310471 -40.4978
0.00388089 -40.4978
0.00465706 -40.4978
0.00543324 -40.4978
0.00620942 -40.4978
0.0069856 -40.4978
0.00776177 -40.4978
0.00853795 -40.4978
0.00931413 -40.4978
0.0100903 -40.4978
0.0108665 -40.4978
0.0116427 -40.4978
0.0124188 -40.4978
0.013195 -40.4978
0.0139712 -40.4978
0.0147474 -40.4978
0.0155235 -40.4978
0.0162997 -40.4978
0.0170759 -40.4978
0.0178521 -40.4978
0.0186283 -40.4978
0.0194044 -40.4978
0.0201806 -40.4978
0.0209568 -40.4978
0.021733 -40.4978
0.0225091 -40.4978
0.0232853 -40.4978
0.0240615 -40.4978
0.0248377 -40.4978
0.0256138 -40.4978
0.02639 -40.4978
0.0271662 -40.4978
0.0279424 -40.4978
0.0287186 -40.4978
0.0294947 -40.4978
0.0302709 -40.4978
0.0310471 -40.4978
0.0318233 -40.4978
0.0325994 -40.4978
0.0333756 -40.4978
0.0341518 -40.4978
0.034928 -40.4978
0.0357042 -40.4978
0.0364803 -40.4978
0.0372565 -40.4978
0.0380327 -40.4978
0.0388089 -40.4978
0.039585 -40.4978
0.0403612 -40.4978
0.0411374 -40.4978
0.0419136 -40.4978
0.0426897 -40.4978
0.0434659 -40.4978
0.0442421 -40.4978
0.0450183 -40.4978
0.0457945 -40.4978
0.0465706 -40.4978
0.0473468 -40.4978
0.048123 -40.4978
0.0488992 -40.4978
0.0496753 -40.4978
0.0504515 -40.4978
0.0512277 -40.4978
0.0520039 -40.4978
0.0527801 -40.4978
0.0535562 -40.4978
0.0543324 -40.4978
0.0551086 -40.4978
0.0558848 -40.4978
0.0566609 -40.4978
0.0574371 -40.4978
0.0582133 -40.4978
0.0589895 -40.4978
0.0597656 -40.4978
0.0605418 -40.4978
0.061318 -40.4978
0.0620942 -40.4978
0.0628704 -40.4978
0.0636465 -40.4978
0.0644227 -40.4978
0.0651989 -40.4978
0.0659751 -40.4978
0.0667512 -40.4978
0.0675274 -40.4978
0.0683036 -40.4978
0.0690798 -40.4978
0.069856 -40.4978
0.0706321 -40.4978
0.0714083 -40.4978
0.0721845 -40.4978
0.0729607 -40.4978
0.0737368 -40.4978
0.074513 -40.4978
0.0752892 -40.4978
0.0760654 -40.4978
0.0768415 -40.4978
0.0768415 -40.4978
0.0776177 -40.4978
0.0783939 -40.4978
0.0791701 -40.4978
0.0799463 -40.4978
0.0807224 -40.4978
0.0814986 -40.4978
0.0822748 -40.4978
0.083051 -40.4978
0.0838271 -40.4978
0.0846033 -40.4978
0.0853795 -40.4978
0.0861557 -40.4978
0.0869319 -40.4978
0.087708 -40.4978
0.0884842 -40.4978
0.0892604 -40.4978
0.0900366 -40.4978
0.0908127 -40.4978
0.0915889 -40.4978
0.0923651 -40.4978
0.0931413 -40.4978
0.0939174 -40.4978
0.0946936 -40.4978
0.0954698 -40.4978
0.096246 -40.4978
0.0970222 -40.4978
0.0977983 -40.4978
0.0985745 -40.4978
0.0993507 -40.4978
0.100127 -40.4978
0.100903 -40.4978
0.101679 -40.4978
0.102455 -40.4978
0.103232 -40.4978
0.104008 -40.4978
0.104784 -40.4978
0.10556 -40.4978
0.106336 -40.4978
0.107112 -40.4978
0.107889 -40.4978
0.108665 -40.4978
0.109441 -40.4978
0.110217 -40.4978
0.110993 -40.4978
0.11177 -40.4978
0.112546 -40.4978
0.113322 -40.4978
0.114098 -40.4978
0.114874 -40.4978
0.11565 -40.4978
0.116427 -40.4978
0.117203 -40.4978
0.117979 -40.4978
0.118755 -40.4978
0.119531 -40.4978
0.120307 -40.4978
0.121084 -40.4978
0.12186 -40.4978
0.122636 -40.4978
0.123412 -40.4978
0.124188 -40.4978
0.124965 -40.4978
0.125741 -40.4978
0.126517 -40.4978
0.127293 -40.4978
0.128069 -40.4978
0.128845 -40.4978
0.129622 -40.4978
0.130398 -40.4978
0.131174 -40.4978
0.13195 -40.4978
0.132726 -40.4978
0.133502 -40.4978
0.134279 -40.4978
0.135055 -40.4978
0.135831 -40.4978
0.136607 -40.4978
0.137383 -40.4978
0.13816 -40.4978
0.138936 -40.4978
0.139712 -40.4978
0.140488 -40.4978
0.141264 -40.4978
0.14204 -40.4978
0.142817 -40.4978
0.143593 -40.4978
0.144369 -40.4978
0.145145 -40.4978
0.145921 -40.4978
0.146697 -40.4978
0.147474 -40.4978
0.14825 -40.4978
0.149026 -40.4978
0.149802 -40.4978
0.150578 -40.4978
0.151355 -40.4978
0.152131 -40.4978
0.152907 -40.4978
0.153683 -40.4978
0.153683 -40.4978
0.154781 -40.4978
0.155878 -40.4978
0.156976 -40.4978
0.158074 -40.4978
0.159171 -40.4978
0.160269 -40.4978
0.161367 -40.4978
0.162465 -40.4978
0.163562 -40.4978
0.16466 -40.4978
0.165758 -40.4978
0.166855 -40.4978
0.167953 -40.4978
0.169051 -40.4978
0.170148 -40.4978
0.171246 -40.4978
0.172344 -40.4978
0.173441 -40.4978
0.174539 -40.4978
0.175637 -40.4978
0.176734 -40.4978
0.177832 -40.4978
0.17893 -40.4978
0.180027 -40.4978
0.181125 -40.4978
0.182223 -40.4978
0.18332 -40.4978
0.184418 -40.4978
0.185516 -40.4978
0.186614 -40.4978
0.187711 -40.4978
0.188809 -40.4978
0.189907 -40.4978
0.191004 -40.4978
0.192102 -40.4978
0.1932 -40.4978
0.194297 -40.4978
0.195395 -40.4978
0.196493 -40.4978
0.19759 -40.4978
0.198688 -40.4978
0.199786 -40.4978
0.200883 -40.4978
0.201981 -40.4978
0.203079 -40.4978
0.204176 -40.4978
0.205274 -40.4978
0.206372 -40.4978
0.207469 -40.4978
0.208567 -40.4978
0.209665 -40.4978
0.210762 -40.4978
0.21186 -40.4978
0.212958 -40.4978
0.214056 -40.4978
0.215153 -40.4978
0.216251 -40.4978
0.217349 -40.4978
0.218446 -40.4978
0.219544 -40.4978
0.220642 -40.4978
0.221739 -40.4978
0.222837 -40.4978
0.223935 -40.4978
0.225032 -40.4978
0.22613 -40.4978
0.227228 -40.4978
0.228325 -40.4978
0.229423 -40.4978
0.230521 -40.4978
0.231618 -40.4978
0.232716 -40.4978
0.233814 -40.4978
0.234911 -40.4978
0.236009 -40.4978
0.237107 -40.4978
0.238204 -40.4978
0.239302 -40.4978
0.2404 -40.4978
0.241498 -40.4978
0.242595 -40.4978
0.243693 -40.4978
0.244791 -40.4978
0.245888 -40.4978
0.246986 -40.4978
0.248084 -40.4978
0.249181 -40.4978
0.250279 -40.4978
0.251377 -40.4978
0.252474 -40.4978
0.253572 -40.4978
0.25467 -40.4978
0.255767 -40.4978
0.256865 -40.4978
0.257963 -40.4978
0.25906 -40.4978
0.260158 -40.4978
0.261256 -40.4978
0.262353 -40.4978
0.262353 -40.4978
0.263098 -40.4978
0.263842 -40.4978
0.264587 -40.4978
0.265331 -40.4978
0.266076 -40.4977
0.26682 -40.4977
0.267564 -40.4977
0.268309 -40.4977
0.269053 -40.4977
0.269798 -40.4976
0.270542 -40.4976
0.271287 -40.4976
0.272031 -40.4975
0.272775 -40.4975
0.27352 -40.4974
0.274264 -40.4974
0.275009 -40.4974
0.275753 -40.4973
0.276497 -40.4972
0.277242 -40.4972
0.277986 -40.4971
0.278731 -40.4971
0.279475 -40.497
0.28022 -40.4969
0.280964 -40.4968
0.281708 -40.4968
0.282453 -40.4967
0.283197 -40.4966
0.283942 -40.4965
0.284686 -40.4964
0.285431 -40.4964
0.286175 -40.4963
0.286919 -40.4962
0.287664 -40.4961
0.288408 -40.496
0.289153 -40.4959
0.289897 -40.4958
0.290642 -40.4957
0.291386 -40.4956
0.29213 -40.4954
0.292875 -40.4953
0.293619 -40.4952
0.294364 -40.4951
0.295108 -40.495
0.295852 -40.4948
0.296597 -40.4947
0.297341 -40.4946
0.298086 -40.4945
0.29883 -40.4943
0.299575 -40.4942
0.300319 -40.4941
0.301063 -40.4939
0.301808 -40.4938
0.302552 -40.4936
0.303297 -40.4935
0.304041 -40.4933
0.304786 -40.4932
0.30553 -40.493
0.306274 -40.4929
0.307019 -40.4927
0.307763 -40.4926
0.308508 -40.4924
0.309252 -40.4923
0.309997 -40.4921
0.310741 -40.4919
0.311485 -40.4918
0.31223 -40.4916
0.312974 -40.4914
0.313719 -40.4913
0.314463 -40.4911
0.315207 -40.4909
0.315952 -40.4908
0.316696 -40.4906
0.317441 -40.4904
0.318185 -40.4902
0.31893 -40.4901
0.319674 -40.4899
0.320418 -40.4897
0.321163 -40.4895
0.321907 -40.4893
0.322652 -40.4892
0.323396 -40.489
0.324141 -40.4888
0.324885 -40.4886
0.325629 -40.4884
0.326374 -40.4883
0.327118 -40.4881
0.327863 -40.4879
0.328607 -40.4877
0.329351 -40.4875
0.330096 -40.4873
0.33084 -40.4871
0.331585 -40.4869
0.332329 -40.4868
0.333074 -40.4866
0.333818 -40.4864
0.334562 -40.4862
0.335307 -40.486
0.336051 -40.4858
0.336051 -40.4858
0.336827 -40.4858
0.337604 -40.4858
0.33838 -40.4858
0.339156 -40.4858
0.339932 -40.4858
0.340708 -40.4858
0.341485 -40.4858
0.342261 -40.4858
0.343037 -40.4858
0.343813 -40.4858
0.344589 -40.4858
0.345365 -40.4858
0.346142 -40.4858
0.346918 -40.4858
0.347694 -40.4858
0.34847 -40.4858
0.349246 -40.4858
0.350022 -40.4858
0.350799 -40.4858
0.351575 -40.4858
0.352351 -40.4858
0.353127 -40.4858
0.353903 -40.4858
0.35468 -40.4858
0.355456 -40.4858
0.356232 -40.4858
0.357008 -40.4858
0.357784 -40.4858
0.35856 -40.4858
0.359337 -40.4858
0.360113 -40.4858
0.360889 -40.4858
0.361665 -40.4858
0.362441 -40.4858
0.363218 -40.4858
0.363994 -40.4858
0.36477 -40.4858
0.365546 -40.4858
0.366322 -40.4858
0.367098 -40.4858
0.367875 -40.4858
0.368651 -40.4858
0.369427 -40.4858
0.370203 -40.4858
0.370979 -40.4858
0.371755 -40.4858
0.372532 -40.4858
0.373308 -40.4858
0.374084 -40.4858
0.37486 -40.4858
0.375636 -40.4858
0.376413 -40.4858
0.377189 -40.4858
0.377965 -40.4858
0.378741 -40.4858
0.379517 -40.4858
0.380293 -40.4858
0.38107 -40.4858
0.381846 -40.4858
0.382622 -40.4858
0.383398 -40.4858
0.384174 -40.4858
0.38495 -40.4858
0.385727 -40.4858
0.386503 -40.4858
0.387279 -40.4858
0.388055 -40.4858
0.388831 -40.4858
0.389608 -40.4858
0.390384 -40.4858
0.39116 -40.4858
0.391936 -40.4858
0.392712 -40.4858
0.393488 -40.4858
0.394265 -40.4858
0.395041 -40.4858
0.395817 -40.4858
0.396593 -40.4858
0.397369 -40.4858
0.398145 -40.4858
0.398922 -40.4858
0.399698 -40.4858
0.400474 -40.4858
0.40125 -40.4858
0.402026 -40.4858
0.402803 -40.4858
0.403579 -40.4858
0.404355 -40.4858
0.405131 -40.4858
0.405907 -40.4858
0.406683 -40.4858
0.40746 -40.4858
0.408236 -40.4858
0.409012 -40.4858
0.409788 -40.4858
0.410564 -40.4858
0.41134 -40.4858
0.412117 -40.4858
0.412893 -40.4858
0.412893 -40.4858
0.413669 -40.4858
0.414445 -40.4858
0.415221 -40.4858
0.415998 -40.4858
0.416774 -40.4858
0.41755 -40.4858
0.418326 -40.4858
0.419102 -40.4858
0.419878 -40.4858
0.420655 -40.4858
0.421431 -40.4858
0.422207 -40.4858
0.422983 -40.4858
0.423759 -40.4858
0.424536 -40.4858
0.425312 -40.4858
0.426088 -40.4858
0.426864 -40.4858
0.42764 -40.4858
0.428416 -40.4858
0.429193 -40.4858
0.429969 -40.4858
0.430745 -40.4858
0.431521 -40.4858
0.432297 -40.4858
0.433073 -40.4858
0.43385 -40.4858
0.434626 -40.4858
0.435402 -40.4858
0.436178 -40.4858
0.436954 -40.4858
0.437731 -40.4858
0.438507 -40.4858
0.439283 -40.4858
0.440059 -40.4858
0.440835 -40.4858
0.441611 -40.4858
0.442388 -40.4858
0.443164 -40.4858
0.44394 -40.4858
0.444716 -40.4858
0.445492 -40.4858
0.446268 -40.4858
0.447045 -40.4858
0.447821 -40.4858
0.448597 -40.4858
0.449373 -40.4858
0.450149 -40.4858
0.450926 -40.4858
0.451702 -40.4858
0.452478 -40.4858
0.453254 -40.4858
0.45403 -40.4858
0.454806 -40.4858
0.455583 -40.4858
0.456359 -40.4858
0.457135 -40.4858
0.457911 -40.4858
0.458687 -40.4858
0.459463 -40.4858
0.46024 -40.4858
0.461016 -40.4858
0.461792 -40.4858
0.462568 -40.4858
0.463344 -40.4858
0.464121 -40.4858
0.464897 -40.4858
0.465673 -40.4858
0.466449 -40.4858
0.467225 -40.4858
0.468001 -40.4858
0.468778 -40.4858
0.469554 -40.4858
0.47033 -40.4858
0.471106 -40.4858
0.471882 -40.4858
0.472658 -40.4858
0.473435 -40.4858
0.474211 -40.4858
0.474987 -40.4858
0.475763 -40.4858
0.476539 -40.4858
0.477316 -40.4858
0.478092 -40.4858
0.478868 -40.4858
0.479644 -40.4858
0.48042 -40.4858
0.481196 -40.4858
0.481973 -40.4858
0.482749 -40.4858
0.483525 -40.4858
0.484301 -40.4858
0.485077 -40.4858
0.485854 -40.4858
0.48663 -40.4858
0.487406 -40.4858
0.488182 -40.4858
0.488958 -40.4858
0.489734 -40.4858
0.489734 -40.4858
0.490832 -40.4858
0.49193 -40.4858
0.493027 -40.4858
0.494125 -40.4858
0.495223 -40.4858
0.49632 -40.4858
0.497418 -40.4858
0.498516 -40.4858
0.499614 -40.4858
0.500711 -40.4858
0.501809 -40.4858
0.502907 -40.4858
0.504004 -40.4858
0.505102 -40.4858
0.5062 -40.4858
0.507297 -40.4858
0.508395 -40.4858
0.509493 -40.4858
0.51059 -40.4858
0.511688 -40.4858
0.512786 -40.4858
0.513883 -40.4858
0.514981 -40.4858
0.516079 -40.4858
0.517176 -40.4858
0.518274 -40.4858
0.519372 -40.4858
0.520469 -40.4858
0.521567 -40.4858
0.522665 -40.4858
0.523762 -40.4858
0.52486 -40.4858
0.525958 -40.4858
0.527056 -40.4858
0.528153 -40.4858
0.529251 -40.4858
0.530349 -40.4858
0.531446 -40.4858
0.532544 -40.4858
0.533642 -40.4858
0.534739 -40.4858
0.535837 -40.4858
0.536935 -40.4858
0.538032 -40.4858
0.53913 -40.4858
0.540228 -40.4858
0.541325 -40.4858
0.542423 -40.4858
0.543521 -40.4858
0.544618 -40.4858
0.545716 -40.4858
0.546814 -40.4858
0.547911 -40.4858
0.549009 -40.4858
0.550107 -40.4858
0.551204 -40.4858
0.552302 -40.4858
0.5534 -40.4858
0.554498 -40.4858
0.555595 -40.4858
0.556693 -40.4858
0.557791 -40.4858
0.558888 -40.4858
0.559986 -40.4858
0.561084 -40.4858
0.562181 -40.4858
0.563279 -40.4858
0.564377 -40.4858
0.565474 -40.4858
0.566572 -40.4858
0.56767 -40.4858
0.568767 -40.4858
0.569865 -40.4858
0.570963 -40.4858
0.57206 -40.4858
0.573158 -40.4858
0.574256 -40.4858
0.575353 -40.4858
0.576451 -40.4858
0.577549 -40.4858
0.578647 -40.4858
0.579744 -40.4858
0.580842 -40.4858
0.58194 -40.4858
0.583037 -40.4858
0.584135 -40.4858
0.585233 -40.4858
0.58633 -40.4858
0.587428 -40.4858
0.588526 -40.4858
0.589623 -40.4858
0.590721 -40.4858
0.591819 -40.4858
0.592916 -40.4858
0.594014 -40.4858
0.595112 -40.4858
0.596209 -40.4858
0.597307 -40.4858
0.598405 -40.4858
