# Band 51 from P4mcc-bands-soc.dat
# Original plotting-script index j = 50
# Energy column is E - E_F in eV; Fermi level is therefore at 0 eV in these files.
# Columns: k_distance  energy_minus_EF_eV
0 -3.41805
0.000776178 -3.41785
0.00155235 -3.41715
0.00232853 -3.41615
0.00310471 -3.41465
0.00388089 -3.41275
0.00465706 -3.41035
0.00543324 -3.40765
0.00620942 -3.40445
0.0069856 -3.40085
0.00776177 -3.39685
0.00853795 -3.39255
0.00931413 -3.38775
0.0100903 -3.38265
0.0108665 -3.37715
0.0116427 -3.37135
0.0124188 -3.36525
0.013195 -3.35875
0.0139712 -3.35205
0.0147474 -3.34505
0.0155235 -3.33775
0.0162997 -3.33015
0.0170759 -3.32235
0.0178521 -3.31425
0.0186283 -3.30585
0.0194044 -3.29715
0.0201806 -3.28805
0.0209568 -3.27845
0.021733 -3.26855
0.0225091 -3.25805
0.0232853 -3.24695
0.0240615 -3.23535
0.0248377 -3.22315
0.0256138 -3.21055
0.02639 -3.19765
0.0271662 -3.18465
0.0279424 -3.17185
0.0287186 -3.15965
0.0294947 -3.14835
0.0302709 -3.13815
0.0310471 -3.12925
0.0318233 -3.12175
0.0325994 -3.11565
0.0333756 -3.11085
0.0341518 -3.10725
0.034928 -3.10455
0.0357042 -3.10265
0.0364803 -3.10135
0.0372565 -3.10065
0.0380327 -3.10025
0.0388089 -3.10025
0.039585 -3.10045
0.0403612 -3.10065
0.0411374 -3.10095
0.0419136 -3.10105
0.0426897 -3.10095
0.0434659 -3.10055
0.0442421 -3.09965
0.0450183 -3.09815
0.0457945 -3.09615
0.0465706 -3.09365
0.0473468 -3.09085
0.048123 -3.08775
0.0488992 -3.08445
0.0496753 -3.08125
0.0504515 -3.07795
0.0512277 -3.07475
0.0520039 -3.07165
0.0527801 -3.06875
0.0535562 -3.06595
0.0543324 -3.06325
0.0551086 -3.06055
0.0558848 -3.05745
0.0566609 -3.05325
0.0574371 -3.04695
0.0582133 -3.03795
0.0589895 -3.02705
0.0597656 -3.01595
0.0605418 -3.00655
0.061318 -2.99985
0.0620942 -2.99575
0.0628704 -2.99315
0.0636465 -2.99135
0.0644227 -2.98985
0.0651989 -2.98855
0.0659751 -2.98725
0.0667512 -2.98605
0.0675274 -2.98495
0.0683036 -2.98385
0.0690798 -2.98275
0.069856 -2.98175
0.0706321 -2.98085
0.0714083 -2.98005
0.0721845 -2.97935
0.0729607 -2.97875
0.0737368 -2.97825
0.074513 -2.97785
0.0752892 -2.97755
0.0760654 -2.97735
0.0768415 -2.97725
0.0768415 -2.97725
0.0776177 -2.97625
0.0783939 -2.97345
0.0791701 -2.96875
0.0799463 -2.96255
0.0807224 -2.95515
0.0814986 -2.94665
0.0822748 -2.93735
0.083051 -2.92745
0.0838271 -2.91705
0.0846033 -2.90635
0.0853795 -2.89535
0.0861557 -2.88415
0.0869319 -2.87295
0.087708 -2.86165
0.0884842 -2.85035
0.0892604 -2.83905
0.0900366 -2.82795
0.0908127 -2.81685
0.0915889 -2.80605
0.0923651 -2.79535
0.0931413 -2.78505
0.0939174 -2.77515
0.0946936 -2.76605
0.0954698 -2.75825
0.096246 -2.75255
0.0970222 -2.74895
0.0977983 -2.74685
0.0985745 -2.74575
0.0993507 -2.74515
0.100127 -2.74475
0.100903 -2.74465
0.101679 -2.74465
0.102455 -2.74485
0.103232 -2.74515
0.104008 -2.74565
0.104784 -2.74645
0.10556 -2.74745
0.106336 -2.74895
0.107112 -2.75105
0.107889 -2.75405
0.108665 -2.75825
0.109441 -2.76425
0.110217 -2.77235
0.110993 -2.78265
0.11177 -2.79485
0.112546 -2.80805
0.113322 -2.82165
0.114098 -2.83475
0.114874 -2.84705
0.11565 -2.85815
0.116427 -2.86755
0.117203 -2.87525
0.117979 -2.88115
0.118755 -2.88525
0.119531 -2.88785
0.120307 -2.88935
0.121084 -2.89015
0.12186 -2.89085
0.122636 -2.89205
0.123412 -2.89435
0.124188 -2.89825
0.124965 -2.90405
0.125741 -2.91195
0.126517 -2.92195
0.127293 -2.93385
0.128069 -2.94755
0.128845 -2.96285
0.129622 -2.97945
0.130398 -2.99725
0.131174 -3.01615
0.13195 -3.03575
0.132726 -3.05615
0.133502 -3.07705
0.134279 -3.09845
0.135055 -3.12025
0.135831 -3.14225
0.136607 -3.16435
0.137383 -3.18665
0.13816 -3.20885
0.138936 -3.23105
0.139712 -3.25305
0.140488 -3.27475
0.141264 -3.29615
0.14204 -3.31715
0.142817 -3.33755
0.143593 -3.35745
0.144369 -3.37655
0.145145 -3.39485
0.145921 -3.41215
0.146697 -3.42835
0.147474 -3.44335
0.14825 -3.45695
0.149026 -3.46905
0.149802 -3.47935
0.150578 -3.48795
0.151355 -3.49465
0.152131 -3.49935
0.152907 -3.50215
0.153683 -3.50305
0.153683 -3.50305
0.154781 -3.50125
0.155878 -3.49575
0.156976 -3.48665
0.158074 -3.47435
0.159171 -3.45915
0.160269 -3.44125
0.161367 -3.42105
0.162465 -3.39895
0.163562 -3.37525
0.16466 -3.35015
0.165758 -3.32395
0.166855 -3.29695
0.167953 -3.26945
0.169051 -3.24165
0.170148 -3.21375
0.171246 -3.18625
0.172344 -3.15915
0.173441 -3.13305
0.174539 -3.10815
0.175637 -3.08485
0.176734 -3.06365
0.177832 -3.04485
0.17893 -3.02895
0.180027 -3.01625
0.181125 -3.00685
0.182223 -3.00065
0.18332 -2.99755
0.184418 -2.99675
0.185516 -2.99705
0.186614 -2.99485
0.187711 -2.98175
0.188809 -2.95885
0.189907 -2.93275
0.191004 -2.90595
0.192102 -2.87925
0.1932 -2.85295
0.194297 -2.82735
0.195395 -2.80285
0.196493 -2.77995
0.19759 -2.76415
0.198688 -2.78035
0.199786 -2.79845
0.200883 -2.81695
0.201981 -2.83575
0.203079 -2.85475
0.204176 -2.87395
0.205274 -2.89325
0.206372 -2.91265
0.207469 -2.93195
0.208567 -2.95115
0.209665 -2.97025
0.210762 -2.98915
0.21186 -3.00765
0.212958 -3.02575
0.214056 -3.04325
0.215153 -3.05975
0.216251 -3.07505
0.217349 -3.08845
0.218446 -3.09905
0.219544 -3.10625
0.220642 -3.10985
0.221739 -3.11035
0.222837 -3.10875
0.223935 -3.10605
0.225032 -3.10285
0.22613 -3.09975
0.227228 -3.09745
0.228325 -3.09635
0.229423 -3.09735
0.230521 -3.10115
0.231618 -3.10785
0.232716 -3.11755
0.233814 -3.12945
0.234911 -3.14305
0.236009 -3.15775
0.237107 -3.17305
0.238204 -3.18885
0.239302 -3.20495
0.2404 -3.22115
0.241498 -3.23735
0.242595 -3.25345
0.243693 -3.26935
0.244791 -3.28495
0.245888 -3.30025
0.246986 -3.31495
0.248084 -3.32915
0.249181 -3.34255
0.250279 -3.35515
0.251377 -3.36665
0.252474 -3.37715
0.253572 -3.38635
0.25467 -3.39435
0.255767 -3.40115
0.256865 -3.40655
0.257963 -3.41085
0.25906 -3.41405
0.260158 -3.41635
0.261256 -3.41765
0.262353 -3.41805
0.262353 -3.41805
0.263098 -3.41775
0.263842 -3.41715
0.264587 -3.41595
0.265331 -3.41435
0.266076 -3.41235
0.26682 -3.40985
0.267564 -3.40695
0.268309 -3.40365
0.269053 -3.39985
0.269798 -3.39575
0.270542 -3.39135
0.271287 -3.38645
0.272031 -3.38135
0.272775 -3.37585
0.27352 -3.37005
0.274264 -3.36395
0.275009 -3.35755
0.275753 -3.35085
0.276497 -3.34395
0.277242 -3.33685
0.277986 -3.32945
0.278731 -3.32185
0.279475 -3.31405
0.28022 -3.30605
0.280964 -3.29785
0.281708 -3.28945
0.282453 -3.28095
0.283197 -3.27225
0.283942 -3.26345
0.284686 -3.25445
0.285431 -3.24535
0.286175 -3.23605
0.286919 -3.22665
0.287664 -3.21715
0.288408 -3.20745
0.289153 -3.19775
0.289897 -3.18785
0.290642 -3.17785
0.291386 -3.16775
0.29213 -3.15755
0.292875 -3.14725
0.293619 -3.13685
0.294364 -3.12635
0.295108 -3.11575
0.295852 -3.10505
0.296597 -3.09415
0.297341 -3.08315
0.298086 -3.07205
0.29883 -3.06085
0.299575 -3.04955
0.300319 -3.03805
0.301063 -3.02645
0.301808 -3.01465
0.302552 -3.00265
0.303297 -2.99055
0.304041 -2.97825
0.304786 -2.96575
0.30553 -2.95295
0.306274 -2.94005
0.307019 -2.97455
0.307763 -3.01105
0.308508 -3.04775
0.309252 -3.03605
0.309997 -3.02015
0.310741 -3.00445
0.311485 -2.98905
0.31223 -2.97385
0.312974 -2.95895
0.313719 -2.94425
0.314463 -2.92985
0.315207 -2.91575
0.315952 -2.90185
0.316696 -2.88815
0.317441 -2.87475
0.318185 -2.86155
0.31893 -2.84845
0.319674 -2.83555
0.320418 -2.82285
0.321163 -2.81025
0.321907 -2.79785
0.322652 -2.78555
0.323396 -2.77335
0.324141 -2.76125
0.324885 -2.74925
0.325629 -2.73735
0.326374 -2.72545
0.327118 -2.71375
0.327863 -2.70205
0.328607 -2.69045
0.329351 -2.67895
0.330096 -2.66755
0.33084 -2.65615
0.331585 -2.64475
0.332329 -2.63495
0.333074 -2.64585
0.333818 -2.65675
0.334562 -2.66765
0.335307 -2.67855
0.336051 -2.68945
0.336051 -2.68945
0.336827 -2.68505
0.337604 -2.68075
0.33838 -2.67665
0.339156 -2.67265
0.339932 -2.66875
0.340708 -2.66505
0.341485 -2.66155
0.342261 -2.65835
0.343037 -2.65555
0.343813 -2.65315
0.344589 -2.65125
0.345365 -2.65025
0.346142 -2.65015
0.346918 -2.65135
0.347694 -2.65395
0.34847 -2.65795
0.349246 -2.66305
0.350022 -2.66915
0.350799 -2.67615
0.351575 -2.68385
0.352351 -2.69215
0.353127 -2.70095
0.353903 -2.71015
0.35468 -2.71985
0.355456 -2.72995
0.356232 -2.74035
0.357008 -2.75115
0.357784 -2.76225
0.35856 -2.77355
0.359337 -2.78525
0.360113 -2.79715
0.360889 -2.80935
0.361665 -2.82175
0.362441 -2.83435
0.363218 -2.84715
0.363994 -2.86025
0.36477 -2.87345
0.365546 -2.88685
0.366322 -2.90045
0.367098 -2.91425
0.367875 -2.92815
0.368651 -2.94215
0.369427 -2.95635
0.370203 -2.97075
0.370979 -2.98515
0.371755 -2.99975
0.372532 -3.01445
0.373308 -3.02925
0.374084 -3.04415
0.37486 -3.05915
0.375636 -3.07425
0.376413 -3.08945
0.377189 -3.10465
0.377965 -3.11995
0.378741 -3.13525
0.379517 -3.15065
0.380293 -3.16605
0.38107 -3.18145
0.381846 -3.19675
0.382622 -3.21115
0.383398 -3.22345
0.384174 -3.23515
0.38495 -3.24555
0.385727 -3.25315
0.386503 -3.25555
0.387279 -3.25175
0.388055 -3.24355
0.388831 -3.23365
0.389608 -3.22315
0.390384 -3.21285
0.39116 -3.20305
0.391936 -3.19375
0.392712 -3.18515
0.393488 -3.17725
0.394265 -3.17005
0.395041 -3.16375
0.395817 -3.15815
0.396593 -3.15335
0.397369 -3.14935
0.398145 -3.14595
0.398922 -3.14335
0.399698 -3.14135
0.400474 -3.13995
0.40125 -3.13915
0.402026 -3.13885
0.402803 -3.13905
0.403579 -3.13965
0.404355 -3.14055
0.405131 -3.14185
0.405907 -3.14345
0.406683 -3.14525
0.40746 -3.14725
0.408236 -3.14955
0.409012 -3.15185
0.409788 -3.15435
0.410564 -3.15695
0.41134 -3.15965
0.412117 -3.16245
0.412893 -3.16525
0.412893 -3.16525
0.413669 -3.16345
0.414445 -3.16165
0.415221 -3.15985
0.415998 -3.15815
0.416774 -3.15635
0.41755 -3.15455
0.418326 -3.15275
0.419102 -3.15095
0.419878 -3.14915
0.420655 -3.14735
0.421431 -3.14565
0.422207 -3.14385
0.422983 -3.14205
0.423759 -3.14035
0.424536 -3.13865
0.425312 -3.13695
0.426088 -3.13525
0.426864 -3.13355
0.42764 -3.13195
0.428416 -3.13035
0.429193 -3.12885
0.429969 -3.12735
0.430745 -3.12585
0.431521 -3.12445
0.432297 -3.12315
0.433073 -3.12195
0.43385 -3.12085
0.434626 -3.11975
0.435402 -3.11885
0.436178 -3.11805
0.436954 -3.11735
0.437731 -3.11685
0.438507 -3.11655
0.439283 -3.11645
0.440059 -3.11645
0.440835 -3.11685
0.441611 -3.11735
0.442388 -3.11825
0.443164 -3.11945
0.44394 -3.12105
0.444716 -3.12305
0.445492 -3.12545
0.446268 -3.12845
0.447045 -3.13185
0.447821 -3.13595
0.448597 -3.14075
0.449373 -3.14625
0.450149 -3.15245
0.450926 -3.15955
0.451702 -3.16735
0.452478 -3.17605
0.453254 -3.18555
0.45403 -3.19575
0.454806 -3.20665
0.455583 -3.21805
0.456359 -3.23005
0.457135 -3.24245
0.457911 -3.25515
0.458687 -3.26805
0.459463 -3.28095
0.46024 -3.29385
0.461016 -3.30665
0.461792 -3.31925
0.462568 -3.33145
0.463344 -3.34335
0.464121 -3.35465
0.464897 -3.36555
0.465673 -3.37575
0.466449 -3.38535
0.467225 -3.39435
0.468001 -3.40255
0.468778 -3.41015
0.469554 -3.41705
0.47033 -3.42335
0.471106 -3.42895
0.471882 -3.43405
0.472658 -3.43855
0.473435 -3.44255
0.474211 -3.44605
0.474987 -3.44915
0.475763 -3.45185
0.476539 -3.45415
0.477316 -3.45615
0.478092 -3.45785
0.478868 -3.45935
0.479644 -3.46055
0.48042 -3.46145
0.481196 -3.46215
0.481973 -3.46255
0.482749 -3.46275
0.483525 -3.46275
0.484301 -3.46245
0.485077 -3.46195
0.485854 -3.46125
0.48663 -3.46055
0.487406 -3.45995
0.488182 -3.45965
0.488958 -3.45985
0.489734 -3.46045
0.489734 -3.46045
0.490832 -3.45965
0.49193 -3.45975
0.493027 -3.46035
0.494125 -3.46105
0.495223 -3.46165
0.49632 -3.46185
0.497418 -3.46105
0.498516 -3.45915
0.499614 -3.45705
0.500711 -3.45485
0.501809 -3.45255
0.502907 -3.45005
0.504004 -3.44765
0.505102 -3.44515
0.5062 -3.44265
0.507297 -3.44025
0.508395 -3.43775
0.509493 -3.43535
0.51059 -3.43305
0.511688 -3.43075
0.512786 -3.42835
0.513883 -3.42605
0.514981 -3.42355
0.516079 -3.42095
0.517176 -3.41815
0.518274 -3.41495
0.519372 -3.41015
0.520469 -3.39885
0.521567 -3.38555
0.522665 -3.37055
0.523762 -3.35415
0.52486 -3.33675
0.525958 -3.31855
0.527056 -3.29975
0.528153 -3.28075
0.529251 -3.26145
0.530349 -3.24215
0.531446 -3.22285
0.532544 -3.20375
0.533642 -3.18475
0.534739 -3.16585
0.535837 -3.14735
0.536935 -3.12905
0.538032 -3.11095
0.53913 -3.09325
0.540228 -3.07575
0.541325 -3.05865
0.542423 -3.04185
0.543521 -3.02535
0.544618 -3.00925
0.545716 -2.99345
0.546814 -2.97795
0.547911 -2.96285
0.549009 -2.94805
0.550107 -2.93365
0.551204 -2.91965
0.552302 -2.90585
0.5534 -2.89245
0.554498 -2.87945
0.555595 -2.86675
0.556693 -2.85435
0.557791 -2.84225
0.558888 -2.83345
0.559986 -2.82495
0.561084 -2.81615
0.562181 -2.80715
0.563279 -2.79785
0.564377 -2.78845
0.565474 -2.77895
0.566572 -2.76935
0.56767 -2.75965
0.568767 -2.75005
0.569865 -2.74035
0.570963 -2.73085
0.57206 -2.72145
0.573158 -2.71205
0.574256 -2.70295
0.575353 -2.69405
0.576451 -2.68525
0.577549 -2.67675
0.578647 -2.67005
0.579744 -2.66465
0.580842 -2.65995
0.58194 -2.65585
0.583037 -2.65265
0.584135 -2.65025
0.585233 -2.64875
0.58633 -2.64815
0.587428 -2.64845
0.588526 -2.64955
0.589623 -2.65155
0.590721 -2.65435
0.591819 -2.65785
0.592916 -2.66195
0.594014 -2.66665
0.595112 -2.67185
0.596209 -2.67735
0.597307 -2.68325
0.598405 -2.68945
