# Band 45 from P4mcc-bands-soc.dat
# Original plotting-script index j = 44
# Energy column is E - E_F in eV; Fermi level is therefore at 0 eV in these files.
# Columns: k_distance  energy_minus_EF_eV
0 -3.66935
0.000776178 -3.67125
0.00155235 -3.67595
0.00232853 -3.68175
0.00310471 -3.68815
0.00388089 -3.69455
0.00465706 -3.70085
0.00543324 -3.70695
0.00620942 -3.71275
0.0069856 -3.71815
0.00776177 -3.72315
0.00853795 -3.72775
0.00931413 -3.73175
0.0100903 -3.73535
0.0108665 -3.73855
0.0116427 -3.74135
0.0124188 -3.74385
0.013195 -3.74605
0.0139712 -3.74795
0.0147474 -3.74975
0.0155235 -3.75135
0.0162997 -3.75285
0.0170759 -3.75425
0.0178521 -3.75565
0.0186283 -3.75685
0.0194044 -3.75795
0.0201806 -3.75895
0.0209568 -3.75975
0.021733 -3.76035
0.0225091 -3.76065
0.0232853 -3.76065
0.0240615 -3.76025
0.0248377 -3.75945
0.0256138 -3.75805
0.02639 -3.75615
0.0271662 -3.75365
0.0279424 -3.75035
0.0287186 -3.74645
0.0294947 -3.74165
0.0302709 -3.73605
0.0310471 -3.72955
0.0318233 -3.72215
0.0325994 -3.71385
0.0333756 -3.70465
0.0341518 -3.69445
0.034928 -3.68345
0.0357042 -3.67145
0.0364803 -3.65875
0.0372565 -3.64515
0.0380327 -3.63085
0.0388089 -3.61595
0.039585 -3.60055
0.0403612 -3.58475
0.0411374 -3.56865
0.0419136 -3.55265
0.0426897 -3.53685
0.0434659 -3.52175
0.0442421 -3.50785
0.0450183 -3.49555
0.0457945 -3.48515
0.0465706 -3.47675
0.0473468 -3.46985
0.048123 -3.46425
0.0488992 -3.45955
0.0496753 -3.45545
0.0504515 -3.45195
0.0512277 -3.44875
0.0520039 -3.44585
0.0527801 -3.44325
0.0535562 -3.44075
0.0543324 -3.43855
0.0551086 -3.43655
0.0558848 -3.43465
0.0566609 -3.43305
0.0574371 -3.43165
0.0582133 -3.43045
0.0589895 -3.42955
0.0597656 -3.42895
0.0605418 -3.42865
0.061318 -3.42885
0.0620942 -3.42955
0.0628704 -3.43095
0.0636465 -3.43305
0.0644227 -3.43595
0.0651989 -3.43995
0.0659751 -3.44505
0.0667512 -3.45145
0.0675274 -3.45915
0.0683036 -3.46805
0.0690798 -3.47805
0.069856 -3.48885
0.0706321 -3.50005
0.0714083 -3.51125
0.0721845 -3.52215
0.0729607 -3.53215
0.0737368 -3.54095
0.074513 -3.54825
0.0752892 -3.55375
0.0760654 -3.55705
0.0768415 -3.55825
0.0768415 -3.55825
0.0776177 -3.55825
0.0783939 -3.55815
0.0791701 -3.55805
0.0799463 -3.55795
0.0807224 -3.55785
0.0814986 -3.55765
0.0822748 -3.55745
0.083051 -3.55725
0.0838271 -3.55695
0.0846033 -3.55675
0.0853795 -3.55645
0.0861557 -3.55625
0.0869319 -3.55595
0.087708 -3.55575
0.0884842 -3.55565
0.0892604 -3.55575
0.0900366 -3.55595
0.0908127 -3.55655
0.0915889 -3.55755
0.0923651 -3.55945
0.0931413 -3.56245
0.0939174 -3.56705
0.0946936 -3.57375
0.0954698 -3.58255
0.096246 -3.59345
0.0970222 -3.60565
0.0977983 -3.61855
0.0985745 -3.63145
0.0993507 -3.64375
0.100127 -3.65435
0.100903 -3.66245
0.101679 -3.66755
0.102455 -3.66955
0.103232 -3.66925
0.104008 -3.66775
0.104784 -3.66565
0.10556 -3.66345
0.106336 -3.66155
0.107112 -3.65995
0.107889 -3.65875
0.108665 -3.65805
0.109441 -3.65785
0.110217 -3.65805
0.110993 -3.65875
0.11177 -3.65985
0.112546 -3.66145
0.113322 -3.66325
0.114098 -3.66555
0.114874 -3.66815
0.11565 -3.67095
0.116427 -3.67415
0.117203 -3.67765
0.117979 -3.68145
0.118755 -3.68545
0.119531 -3.68975
0.120307 -3.69435
0.121084 -3.69915
0.12186 -3.70435
0.122636 -3.70975
0.123412 -3.71545
0.124188 -3.72155
0.124965 -3.72795
0.125741 -3.73485
0.126517 -3.74215
0.127293 -3.75005
0.128069 -3.75855
0.128845 -3.76775
0.129622 -3.77775
0.130398 -3.78865
0.131174 -3.80045
0.13195 -3.81345
0.132726 -3.82755
0.133502 -3.84275
0.134279 -3.85895
0.135055 -3.87635
0.135831 -3.89465
0.136607 -3.91375
0.137383 -3.93345
0.13816 -3.95385
0.138936 -3.97465
0.139712 -3.99565
0.140488 -4.01675
0.141264 -4.03795
0.14204 -4.05895
0.142817 -4.07965
0.143593 -4.09995
0.144369 -4.11965
0.145145 -4.13845
0.145921 -4.15635
0.146697 -4.17295
0.147474 -4.18805
0.14825 -4.20125
0.149026 -4.21235
0.149802 -4.22095
0.150578 -4.22705
0.151355 -4.23065
0.152131 -4.23255
0.152907 -4.23325
0.153683 -4.23345
0.153683 -4.23345
0.154781 -4.23305
0.155878 -4.23175
0.156976 -4.22885
0.158074 -4.22375
0.159171 -4.21625
0.160269 -4.20665
0.161367 -4.19545
0.162465 -4.18305
0.163562 -4.17025
0.16466 -4.15735
0.165758 -4.14475
0.166855 -4.13285
0.167953 -4.12185
0.169051 -4.11185
0.170148 -4.10295
0.171246 -4.09545
0.172344 -4.08915
0.173441 -4.08415
0.174539 -4.08035
0.175637 -4.07775
0.176734 -4.07615
0.177832 -4.07555
0.17893 -4.07585
0.180027 -4.07685
0.181125 -4.07845
0.182223 -4.08055
0.18332 -4.08305
0.184418 -4.08585
0.185516 -4.08895
0.186614 -4.09195
0.187711 -4.09495
0.188809 -4.09755
0.189907 -4.09965
0.191004 -4.10085
0.192102 -4.10075
0.1932 -4.09935
0.194297 -4.09665
0.195395 -4.09275
0.196493 -4.08765
0.19759 -4.08155
0.198688 -4.07435
0.199786 -4.06615
0.200883 -4.05715
0.201981 -4.04735
0.203079 -4.03685
0.204176 -4.02585
0.205274 -4.01425
0.206372 -4.00225
0.207469 -3.98995
0.208567 -3.97745
0.209665 -3.96465
0.210762 -3.95165
0.21186 -3.93855
0.212958 -3.92545
0.214056 -3.91225
0.215153 -3.89895
0.216251 -3.88575
0.217349 -3.87255
0.218446 -3.85945
0.219544 -3.84635
0.220642 -3.83335
0.221739 -3.82055
0.222837 -3.80785
0.223935 -3.79525
0.225032 -3.78295
0.22613 -3.77075
0.227228 -3.75885
0.228325 -3.74725
0.229423 -3.73605
0.230521 -3.72515
0.231618 -3.71495
0.232716 -3.70545
0.233814 -3.69725
0.234911 -3.69145
0.236009 -3.68965
0.237107 -3.69215
0.238204 -3.69745
0.239302 -3.70385
0.2404 -3.71035
0.241498 -3.71665
0.242595 -3.72255
0.243693 -3.72775
0.244791 -3.73215
0.245888 -3.73565
0.246986 -3.73815
0.248084 -3.73955
0.249181 -3.73975
0.250279 -3.73875
0.251377 -3.73645
0.252474 -3.73285
0.253572 -3.72805
0.25467 -3.72205
0.255767 -3.71505
0.256865 -3.70715
0.257963 -3.69855
0.25906 -3.68965
0.260158 -3.68075
0.261256 -3.67295
0.262353 -3.66935
0.262353 -3.66935
0.263098 -3.66935
0.263842 -3.66925
0.264587 -3.66895
0.265331 -3.66865
0.266076 -3.66825
0.26682 -3.66765
0.267564 -3.66685
0.268309 -3.66965
0.269053 -3.67515
0.269798 -3.68085
0.270542 -3.68675
0.271287 -3.69265
0.272031 -3.69865
0.272775 -3.70475
0.27352 -3.71095
0.274264 -3.71705
0.275009 -3.72325
0.275753 -3.72945
0.276497 -3.73565
0.277242 -3.74185
0.277986 -3.74815
0.278731 -3.75435
0.279475 -3.76055
0.28022 -3.76675
0.280964 -3.77295
0.281708 -3.77915
0.282453 -3.78535
0.283197 -3.79155
0.283942 -3.79765
0.284686 -3.80385
0.285431 -3.80995
0.286175 -3.81605
0.286919 -3.82225
0.287664 -3.82835
0.288408 -3.83445
0.289153 -3.84055
0.289897 -3.84655
0.290642 -3.85265
0.291386 -3.85875
0.29213 -3.86475
0.292875 -3.87085
0.293619 -3.87685
0.294364 -3.88285
0.295108 -3.88885
0.295852 -3.89495
0.296597 -3.90095
0.297341 -3.90695
0.298086 -3.91295
0.29883 -3.91895
0.299575 -3.92495
0.300319 -3.93095
0.301063 -3.93695
0.301808 -3.94295
0.302552 -3.94895
0.303297 -3.95495
0.304041 -3.96095
0.304786 -3.96695
0.30553 -3.97295
0.306274 -3.97895
0.307019 -3.98495
0.307763 -3.99105
0.308508 -3.99705
0.309252 -4.00305
0.309997 -4.00915
0.310741 -4.01515
0.311485 -4.02125
0.31223 -4.02735
0.312974 -4.03345
0.313719 -4.03955
0.314463 -4.04565
0.315207 -4.05185
0.315952 -4.05795
0.316696 -4.06415
0.317441 -4.07045
0.318185 -4.07665
0.31893 -4.08295
0.319674 -4.08925
0.320418 -4.09565
0.321163 -4.10215
0.321907 -4.10865
0.322652 -4.11525
0.323396 -4.12195
0.324141 -4.12875
0.324885 -4.13565
0.325629 -4.14275
0.326374 -4.15005
0.327118 -4.15735
0.327863 -4.16485
0.328607 -4.17225
0.329351 -4.17915
0.330096 -4.18525
0.33084 -4.18985
0.331585 -4.19255
0.332329 -4.19315
0.333074 -4.19185
0.333818 -4.18895
0.334562 -4.18485
0.335307 -4.17955
0.336051 -4.17325
0.336051 -4.17325
0.336827 -4.17335
0.337604 -4.17315
0.33838 -4.17285
0.339156 -4.17225
0.339932 -4.17165
0.340708 -4.17075
0.341485 -4.16955
0.342261 -4.16825
0.343037 -4.16655
0.343813 -4.16455
0.344589 -4.16205
0.345365 -4.15925
0.346142 -4.15585
0.346918 -4.15195
0.347694 -4.14745
0.34847 -4.14225
0.349246 -4.13635
0.350022 -4.12965
0.350799 -4.12215
0.351575 -4.11385
0.352351 -4.10465
0.353127 -4.09475
0.353903 -4.08395
0.35468 -4.07245
0.355456 -4.06015
0.356232 -4.04715
0.357008 -4.03345
0.357784 -4.01915
0.35856 -4.00415
0.359337 -3.98875
0.360113 -3.97275
0.360889 -3.95635
0.361665 -3.93955
0.362441 -3.92235
0.363218 -3.90475
0.363994 -3.88695
0.36477 -3.86885
0.365546 -3.85055
0.366322 -3.83205
0.367098 -3.81335
0.367875 -3.79455
0.368651 -3.77575
0.369427 -3.75675
0.370203 -3.73785
0.370979 -3.71885
0.371755 -3.69995
0.372532 -3.68115
0.373308 -3.66235
0.374084 -3.64375
0.37486 -3.62525
0.375636 -3.60695
0.376413 -3.58895
0.377189 -3.57115
0.377965 -3.55365
0.378741 -3.53635
0.379517 -3.51955
0.380293 -3.50305
0.38107 -3.48705
0.381846 -3.47155
0.382622 -3.45655
0.383398 -3.44215
0.384174 -3.42845
0.38495 -3.41555
0.385727 -3.40375
0.386503 -3.39355
0.387279 -3.38555
0.388055 -3.38105
0.388831 -3.38135
0.389608 -3.38705
0.390384 -3.39675
0.39116 -3.40885
0.391936 -3.42225
0.392712 -3.43645
0.393488 -3.45115
0.394265 -3.46595
0.395041 -3.48085
0.395817 -3.49585
0.396593 -3.51075
0.397369 -3.52545
0.398145 -3.54005
0.398922 -3.55445
0.399698 -3.56845
0.400474 -3.58215
0.40125 -3.59545
0.402026 -3.60835
0.402803 -3.62065
0.403579 -3.63235
0.404355 -3.64335
0.405131 -3.65355
0.405907 -3.66295
0.406683 -3.67145
0.40746 -3.67895
0.408236 -3.68525
0.409012 -3.69045
0.409788 -3.69445
0.410564 -3.69715
0.41134 -3.69855
0.412117 -3.69865
0.412893 -3.69745
0.412893 -3.69745
0.413669 -3.69745
0.414445 -3.69745
0.415221 -3.69735
0.415998 -3.69725
0.416774 -3.69715
0.41755 -3.69695
0.418326 -3.69665
0.419102 -3.69635
0.419878 -3.69595
0.420655 -3.69555
0.421431 -3.69515
0.422207 -3.69465
0.422983 -3.69405
0.423759 -3.69345
0.424536 -3.69285
0.425312 -3.69215
0.426088 -3.69145
0.426864 -3.69065
0.42764 -3.68985
0.428416 -3.68905
0.429193 -3.68815
0.429969 -3.68715
0.430745 -3.68615
0.431521 -3.68515
0.432297 -3.68415
0.433073 -3.68305
0.43385 -3.68195
0.434626 -3.68075
0.435402 -3.67955
0.436178 -3.67835
0.436954 -3.67715
0.437731 -3.67595
0.438507 -3.67465
0.439283 -3.67335
0.440059 -3.67205
0.440835 -3.67065
0.441611 -3.66935
0.442388 -3.66795
0.443164 -3.66705
0.44394 -3.66615
0.444716 -3.66535
0.445492 -3.66455
0.446268 -3.66385
0.447045 -3.66335
0.447821 -3.66285
0.448597 -3.66245
0.449373 -3.66225
0.450149 -3.66215
0.450926 -3.66215
0.451702 -3.66235
0.452478 -3.66275
0.453254 -3.66335
0.45403 -3.66405
0.454806 -3.66505
0.455583 -3.66625
0.456359 -3.66755
0.457135 -3.66905
0.457911 -3.67075
0.458687 -3.67235
0.459463 -3.67395
0.46024 -3.67545
0.461016 -3.67655
0.461792 -3.67725
0.462568 -3.67725
0.463344 -3.67655
0.464121 -3.67505
0.464897 -3.67275
0.465673 -3.66965
0.466449 -3.66575
0.467225 -3.66125
0.468001 -3.65625
0.468778 -3.65075
0.469554 -3.64485
0.47033 -3.63865
0.471106 -3.63225
0.471882 -3.62555
0.472658 -3.61875
0.473435 -3.61185
0.474211 -3.60475
0.474987 -3.59765
0.475763 -3.59045
0.476539 -3.58325
0.477316 -3.57605
0.478092 -3.56885
0.478868 -3.56165
0.479644 -3.55445
0.48042 -3.54735
0.481196 -3.54035
0.481973 -3.53355
0.482749 -3.52685
0.483525 -3.52035
0.484301 -3.51425
0.485077 -3.50855
0.485854 -3.50325
0.48663 -3.49865
0.487406 -3.49485
0.488182 -3.49175
0.488958 -3.48965
0.489734 -3.48825
0.489734 -3.48825
0.490832 -3.49035
0.49193 -3.49385
0.493027 -3.49875
0.494125 -3.50495
0.495223 -3.51225
0.49632 -3.52045
0.497418 -3.52945
0.498516 -3.53875
0.499614 -3.54835
0.500711 -3.55795
0.501809 -3.56745
0.502907 -3.57665
0.504004 -3.58545
0.505102 -3.59355
0.5062 -3.60075
0.507297 -3.60815
0.508395 -3.61675
0.509493 -3.62485
0.51059 -3.63225
0.511688 -3.63895
0.512786 -3.64465
0.513883 -3.64935
0.514981 -3.65275
0.516079 -3.65485
0.517176 -3.65555
0.518274 -3.65485
0.519372 -3.65295
0.520469 -3.65005
0.521567 -3.64665
0.522665 -3.64305
0.523762 -3.63965
0.52486 -3.63685
0.525958 -3.63485
0.527056 -3.63395
0.528153 -3.63435
0.529251 -3.63585
0.530349 -3.63865
0.531446 -3.64265
0.532544 -3.64765
0.533642 -3.65375
0.534739 -3.66075
0.535837 -3.66885
0.536935 -3.68115
0.538032 -3.69375
0.53913 -3.70655
0.540228 -3.71965
0.541325 -3.73295
0.542423 -3.74635
0.543521 -3.75985
0.544618 -3.77345
0.545716 -3.78715
0.546814 -3.80085
0.547911 -3.81455
0.549009 -3.82815
0.550107 -3.84175
0.551204 -3.85525
0.552302 -3.86875
0.5534 -3.88205
0.554498 -3.89515
0.555595 -3.90815
0.556693 -3.92095
0.557791 -3.93365
0.558888 -3.94605
0.559986 -3.95815
0.561084 -3.97005
0.562181 -3.98175
0.563279 -3.99315
0.564377 -4.00415
0.565474 -4.01495
0.566572 -4.02545
0.56767 -4.03555
0.568767 -4.04535
0.569865 -4.05485
0.570963 -4.06395
0.57206 -4.07275
0.573158 -4.08115
0.574256 -4.08915
0.575353 -4.09685
0.576451 -4.10405
0.577549 -4.11105
0.578647 -4.11755
0.579744 -4.12375
0.580842 -4.12955
0.58194 -4.13495
0.583037 -4.14005
0.584135 -4.14475
0.585233 -4.14915
0.58633 -4.15305
0.587428 -4.15675
0.588526 -4.15995
0.589623 -4.16285
0.590721 -4.16545
0.591819 -4.16765
0.592916 -4.16945
0.594014 -4.17095
0.595112 -4.17205
0.596209 -4.17285
0.597307 -4.17325
0.598405 -4.17325
