# Band 94 from P4mcc-bands-soc.dat
# Original plotting-script index j = 93
# Energy column is E - E_F in eV; Fermi level is therefore at 0 eV in these files.
# Columns: k_distance  energy_minus_EF_eV
0 3.31985
0.000776178 3.31355
0.00155235 3.31365
0.00232853 3.31305
0.00310471 3.30965
0.00388089 3.30825
0.00465706 3.30535
0.00543324 3.30295
0.00620942 3.30175
0.0069856 3.29885
0.00776177 3.29335
0.00853795 3.29535
0.00931413 3.28485
0.0100903 3.28005
0.0108665 3.27425
0.0116427 3.26795
0.0124188 3.27735
0.013195 3.25675
0.0139712 3.24955
0.0147474 3.24375
0.0155235 3.23485
0.0162997 3.24195
0.0170759 3.21885
0.0178521 3.21445
0.0186283 3.20285
0.0194044 3.19415
0.0201806 3.18435
0.0209568 3.17475
0.021733 3.16525
0.0225091 3.15505
0.0232853 3.14445
0.0240615 3.13475
0.0248377 3.12475
0.0256138 3.11195
0.02639 3.10265
0.0271662 3.08935
0.0279424 3.07755
0.0287186 3.06575
0.0294947 3.05365
0.0302709 3.04145
0.0310471 3.02925
0.0318233 3.01735
0.0325994 3.00545
0.0333756 2.99315
0.0341518 2.98175
0.034928 2.97005
0.0357042 2.95955
0.0364803 2.94885
0.0372565 2.93865
0.0380327 2.93005
0.0388089 2.92255
0.039585 2.91635
0.0403612 2.91165
0.0411374 2.90835
0.0419136 2.90545
0.0426897 2.90385
0.0434659 2.90285
0.0442421 2.90225
0.0450183 2.90225
0.0457945 2.90245
0.0465706 2.90335
0.0473468 2.90445
0.048123 2.90575
0.0488992 2.90745
0.0496753 2.90945
0.0504515 2.91175
0.0512277 2.91435
0.0520039 2.91715
0.0527801 2.92015
0.0535562 2.92325
0.0543324 2.92625
0.0551086 2.92935
0.0558848 2.93225
0.0566609 2.93495
0.0574371 2.93735
0.0582133 2.93945
0.0589895 2.94125
0.0597656 2.94265
0.0605418 2.94375
0.061318 2.94445
0.0620942 2.94495
0.0628704 2.94505
0.0636465 2.94495
0.0644227 2.94475
0.0651989 2.94435
0.0659751 2.94375
0.0667512 2.94315
0.0675274 2.94245
0.0683036 2.94175
0.0690798 2.94105
0.069856 2.94035
0.0706321 2.93965
0.0714083 2.93895
0.0721845 2.93835
0.0729607 2.93785
0.0737368 2.93745
0.074513 2.93715
0.0752892 2.93685
0.0760654 2.93675
0.0768415 2.93665
0.0768415 2.93665
0.0776177 2.93715
0.0783939 2.93865
0.0791701 2.94125
0.0799463 2.94475
0.0807224 2.94935
0.0814986 2.95495
0.0822748 2.96155
0.083051 2.96905
0.0838271 2.97755
0.0846033 2.98705
0.0853795 2.99735
0.0861557 3.00855
0.0869319 3.02045
0.087708 3.03305
0.0884842 3.04645
0.0892604 3.06035
0.0900366 3.07495
0.0908127 3.08985
0.0915889 3.10535
0.0923651 3.12115
0.0931413 3.13745
0.0939174 3.15395
0.0946936 3.17075
0.0954698 3.18775
0.096246 3.20495
0.0970222 3.22245
0.0977983 3.24025
0.0985745 3.25755
0.0993507 3.27555
0.100127 3.29285
0.100903 3.31105
0.101679 3.32855
0.102455 3.34705
0.103232 3.36575
0.104008 3.38755
0.104784 3.40255
0.10556 3.42095
0.106336 3.43435
0.107112 3.45055
0.107889 3.47915
0.108665 3.48485
0.109441 3.50045
0.110217 3.53505
0.110993 3.53575
0.11177 3.55045
0.112546 3.56695
0.113322 3.58655
0.114098 3.58875
0.114874 3.62655
0.11565 3.65955
0.116427 3.68025
0.117203 3.66745
0.117979 3.69265
0.118755 3.69865
0.119531 3.69105
0.120307 3.69415
0.121084 3.69775
0.12186 3.69445
0.122636 3.70285
0.123412 3.69775
0.124188 3.69425
0.124965 3.69365
0.125741 3.68995
0.126517 3.68715
0.127293 3.69715
0.128069 3.70965
0.128845 3.69945
0.129622 3.74495
0.130398 3.70095
0.131174 3.70545
0.13195 3.70965
0.132726 3.70715
0.133502 3.71545
0.134279 3.72585
0.135055 3.72365
0.135831 3.71645
0.136607 3.71695
0.137383 3.71905
0.13816 3.72805
0.138936 3.72435
0.139712 3.72885
0.140488 3.73225
0.141264 3.74025
0.14204 3.74185
0.142817 3.74755
0.143593 3.75255
0.144369 3.75785
0.145145 3.76145
0.145921 3.76615
0.146697 3.77055
0.147474 3.77455
0.14825 3.77795
0.149026 3.78225
0.149802 3.78575
0.150578 3.78725
0.151355 3.78815
0.152131 3.78965
0.152907 3.79015
0.153683 3.79155
0.153683 3.79105
0.154781 3.79005
0.155878 3.78975
0.156976 3.78805
0.158074 3.78355
0.159171 3.77975
0.160269 3.77185
0.161367 3.76495
0.162465 3.75725
0.163562 3.75025
0.16466 3.73965
0.165758 3.73215
0.166855 3.72265
0.167953 3.71425
0.169051 3.71215
0.170148 3.70905
0.171246 3.70915
0.172344 3.71485
0.173441 3.71125
0.174539 3.71215
0.175637 3.72045
0.176734 3.80845
0.177832 3.72535
0.17893 3.74435
0.180027 3.72465
0.181125 3.71615
0.182223 3.69815
0.18332 3.65265
0.184418 3.60735
0.185516 3.57145
0.186614 3.53125
0.187711 3.50135
0.188809 3.49085
0.189907 3.48295
0.191004 3.46525
0.192102 3.44865
0.1932 3.43665
0.194297 3.42475
0.195395 3.40095
0.196493 3.38195
0.19759 3.36535
0.198688 3.33925
0.199786 3.32005
0.200883 3.29615
0.201981 3.27675
0.203079 3.25785
0.204176 3.23985
0.205274 3.22275
0.206372 3.20735
0.207469 3.19205
0.208567 3.17845
0.209665 3.16515
0.210762 3.15325
0.21186 3.14205
0.212958 3.13205
0.214056 3.12285
0.215153 3.11465
0.216251 3.10675
0.217349 3.09985
0.218446 3.09325
0.219544 3.08755
0.220642 3.08155
0.221739 3.07575
0.222837 3.06985
0.223935 3.06335
0.225032 3.05615
0.22613 3.04745
0.227228 3.03925
0.228325 3.03335
0.229423 3.04695
0.230521 3.06635
0.231618 3.07855
0.232716 3.09335
0.233814 3.10695
0.234911 3.11945
0.236009 3.13315
0.237107 3.14265
0.238204 3.15355
0.239302 3.16465
0.2404 3.17565
0.241498 3.18665
0.242595 3.19725
0.243693 3.20755
0.244791 3.21805
0.245888 3.22795
0.246986 3.23765
0.248084 3.24815
0.249181 3.25625
0.250279 3.26585
0.251377 3.27365
0.252474 3.27995
0.253572 3.28725
0.25467 3.29365
0.255767 3.29855
0.256865 3.30305
0.257963 3.30745
0.25906 3.30935
0.260158 3.31145
0.261256 3.31215
0.262353 3.31315
0.262353 3.32255
0.263098 3.31775
0.263842 3.31505
0.264587 3.31245
0.265331 3.31115
0.266076 3.30965
0.26682 3.30905
0.267564 3.30655
0.268309 3.30545
0.269053 3.30345
0.269798 3.30355
0.270542 3.29955
0.271287 3.29635
0.272031 3.29295
0.272775 3.29085
0.27352 3.28635
0.274264 3.28275
0.275009 3.27925
0.275753 3.27615
0.276497 3.27375
0.277242 3.26655
0.277986 3.26175
0.278731 3.25695
0.279475 3.25265
0.28022 3.24705
0.280964 3.24195
0.281708 3.23785
0.282453 3.23175
0.283197 3.22585
0.283942 3.22045
0.284686 3.21445
0.285431 3.20855
0.286175 3.20235
0.286919 3.19595
0.287664 3.19035
0.288408 3.18425
0.289153 3.17695
0.289897 3.17005
0.290642 3.16365
0.291386 3.15675
0.29213 3.15055
0.292875 3.14325
0.293619 3.13645
0.294364 3.12935
0.295108 3.12245
0.295852 3.11535
0.296597 3.10895
0.297341 3.10135
0.298086 3.09445
0.29883 3.08715
0.299575 3.07995
0.300319 3.07295
0.301063 3.06565
0.301808 3.05855
0.302552 3.05145
0.303297 3.04425
0.304041 3.03715
0.304786 3.03005
0.30553 3.02305
0.306274 3.01605
0.307019 3.00905
0.307763 3.00215
0.308508 2.99535
0.309252 2.98865
0.309997 2.98295
0.310741 2.97605
0.311485 2.97895
0.31223 3.00255
0.312974 3.02685
0.313719 3.05165
0.314463 3.07675
0.315207 3.10205
0.315952 3.12705
0.316696 3.15105
0.317441 3.17175
0.318185 3.18345
0.31893 3.18475
0.319674 3.17965
0.320418 3.17195
0.321163 3.16335
0.321907 3.15335
0.322652 3.14345
0.323396 3.13355
0.324141 3.12435
0.324885 3.13935
0.325629 3.15385
0.326374 3.16825
0.327118 3.18235
0.327863 3.19625
0.328607 3.21025
0.329351 3.22345
0.330096 3.23735
0.33084 3.25145
0.331585 3.26535
0.332329 3.27925
0.333074 3.29295
0.333818 3.30685
0.334562 3.32045
0.335307 3.33375
0.336051 3.34715
0.336051 3.34715
0.336827 3.34655
0.337604 3.34575
0.33838 3.34415
0.339156 3.34215
0.339932 3.33985
0.340708 3.33715
0.341485 3.33415
0.342261 3.33075
0.343037 3.32695
0.343813 3.32285
0.344589 3.31855
0.345365 3.31395
0.346142 3.30915
0.346918 3.30395
0.347694 3.29855
0.34847 3.29315
0.349246 3.28755
0.350022 3.28175
0.350799 3.27585
0.351575 3.26985
0.352351 3.26375
0.353127 3.25755
0.353903 3.25145
0.35468 3.24505
0.355456 3.23885
0.356232 3.23235
0.357008 3.22615
0.357784 3.21975
0.35856 3.21325
0.359337 3.20695
0.360113 3.20055
0.360889 3.19415
0.361665 3.18785
0.362441 3.18135
0.363218 3.17485
0.363994 3.16855
0.36477 3.16215
0.365546 3.15585
0.366322 3.14935
0.367098 3.14295
0.367875 3.13655
0.368651 3.13005
0.369427 3.12365
0.370203 3.11715
0.370979 3.11065
0.371755 3.10415
0.372532 3.09775
0.373308 3.09125
0.374084 3.08475
0.37486 3.07825
0.375636 3.07175
0.376413 3.06525
0.377189 3.05875
0.377965 3.05235
0.378741 3.04585
0.379517 3.03945
0.380293 3.03295
0.38107 3.02655
0.381846 3.02025
0.382622 3.01395
0.383398 3.00765
0.384174 3.00135
0.38495 2.99515
0.385727 2.98905
0.386503 2.98305
0.387279 2.97695
0.388055 2.97105
0.388831 2.96525
0.389608 2.95945
0.390384 2.95385
0.39116 2.94825
0.391936 2.94275
0.392712 2.93745
0.393488 2.93225
0.394265 2.92715
0.395041 2.92215
0.395817 2.91735
0.396593 2.91265
0.397369 2.90815
0.398145 2.90375
0.398922 2.89965
0.399698 2.89565
0.400474 2.89185
0.40125 2.88825
0.402026 2.88485
0.402803 2.88165
0.403579 2.87865
0.404355 2.87595
0.405131 2.87345
0.405907 2.87125
0.406683 2.86925
0.40746 2.86755
0.408236 2.86605
0.409012 2.86485
0.409788 2.86395
0.410564 2.86335
0.41134 2.86295
0.412117 2.86295
0.412893 2.86315
0.412893 2.86315
0.413669 2.85715
0.414445 2.85195
0.415221 2.84765
0.415998 2.84415
0.416774 2.84175
0.41755 2.84025
0.418326 2.83985
0.419102 2.84045
0.419878 2.84205
0.420655 2.84455
0.421431 2.84775
0.422207 2.85185
0.422983 2.85655
0.423759 2.86175
0.424536 2.86745
0.425312 2.87355
0.426088 2.88005
0.426864 2.88675
0.42764 2.89375
0.428416 2.90095
0.429193 2.90825
0.429969 2.91575
0.430745 2.92325
0.431521 2.93085
0.432297 2.93855
0.433073 2.94625
0.43385 2.95395
0.434626 2.96165
0.435402 2.96935
0.436178 2.97705
0.436954 2.98475
0.437731 2.99245
0.438507 3.00005
0.439283 3.00755
0.440059 3.01495
0.440835 3.02235
0.441611 3.02985
0.442388 3.03715
0.443164 3.04405
0.44394 3.05245
0.444716 3.05835
0.445492 3.06525
0.446268 3.07195
0.447045 3.07905
0.447821 3.08545
0.448597 3.09175
0.449373 3.09805
0.450149 3.10415
0.450926 3.11245
0.451702 3.11645
0.452478 3.12265
0.453254 3.12715
0.45403 3.13315
0.454806 3.13955
0.455583 3.14795
0.456359 3.15405
0.457135 3.15395
0.457911 3.15935
0.458687 3.16735
0.459463 3.16905
0.46024 3.17355
0.461016 3.18735
0.461792 3.18315
0.462568 3.19255
0.463344 3.19405
0.464121 3.19555
0.464897 3.20105
0.465673 3.20545
0.466449 3.20795
0.467225 3.21385
0.468001 3.21885
0.468778 3.22335
0.469554 3.22455
0.47033 3.22815
0.471106 3.23105
0.471882 3.23335
0.472658 3.24145
0.473435 3.24105
0.474211 3.27115
0.474987 3.24725
0.475763 3.25505
0.476539 3.25325
0.477316 3.25625
0.478092 3.25815
0.478868 3.26385
0.479644 3.26605
0.48042 3.26595
0.481196 3.27055
0.481973 3.27375
0.482749 3.27495
0.483525 3.27985
0.484301 3.27785
0.485077 3.28155
0.485854 3.28335
0.48663 3.28425
0.487406 3.28765
0.488182 3.28885
0.488958 3.29005
0.489734 3.28985
0.489734 3.29005
0.490832 3.28805
0.49193 3.28555
0.493027 3.28285
0.494125 3.28245
0.495223 3.27715
0.49632 3.27475
0.497418 3.27645
0.498516 3.26855
0.499614 3.26445
0.500711 3.26395
0.501809 3.25875
0.502907 3.25555
0.504004 3.25255
0.505102 3.25465
0.5062 3.24775
0.507297 3.24745
0.508395 3.23705
0.509493 3.23305
0.51059 3.23015
0.511688 3.22535
0.512786 3.22345
0.513883 3.21735
0.514981 3.21765
0.516079 3.20935
0.517176 3.21715
0.518274 3.20525
0.519372 3.20605
0.520469 3.19735
0.521567 3.19355
0.522665 3.18805
0.523762 3.18645
0.52486 3.19325
0.525958 3.17735
0.527056 3.17805
0.528153 3.17095
0.529251 3.17105
0.530349 3.16635
0.531446 3.16285
0.532544 3.15975
0.533642 3.17665
0.534739 3.15585
0.535837 3.15385
0.536935 3.15435
0.538032 3.15135
0.53913 3.14975
0.540228 3.14945
0.541325 3.14735
0.542423 3.14675
0.543521 3.14595
0.544618 3.14595
0.545716 3.14665
0.546814 3.14655
0.547911 3.14715
0.549009 3.15075
0.550107 3.14835
0.551204 3.14995
0.552302 3.15125
0.5534 3.15305
0.554498 3.15495
0.555595 3.15725
0.556693 3.15985
0.557791 3.16245
0.558888 3.16505
0.559986 3.16835
0.561084 3.17135
0.562181 3.17445
0.563279 3.17815
0.564377 3.18205
0.565474 3.18615
0.566572 3.19015
0.56767 3.19445
0.568767 3.19885
0.569865 3.20345
0.570963 3.20835
0.57206 3.21345
0.573158 3.21885
0.574256 3.22435
0.575353 3.23005
0.576451 3.23605
0.577549 3.24205
0.578647 3.24855
0.579744 3.25525
0.580842 3.26195
0.58194 3.26905
0.583037 3.27605
0.584135 3.28335
0.585233 3.29055
0.58633 3.29745
0.587428 3.30445
0.588526 3.31115
0.589623 3.31755
0.590721 3.32385
0.591819 3.32905
0.592916 3.33395
0.594014 3.33815
0.595112 3.34165
0.596209 3.34435
0.597307 3.34625
0.598405 3.34715
