# Band 21 from P4mcc-bands-soc.dat
# Original plotting-script index j = 20
# Energy column is E - E_F in eV; Fermi level is therefore at 0 eV in these files.
# Columns: k_distance  energy_minus_EF_eV
0 -11.2951
0.000776178 -11.2948
0.00155235 -11.2938
0.00232853 -11.2921
0.00310471 -11.2897
0.00388089 -11.2865
0.00465706 -11.2824
0.00543324 -11.2774
0.00620942 -11.2716
0.0069856 -11.265
0.00776177 -11.2576
0.00853795 -11.2496
0.00931413 -11.2411
0.0100903 -11.2323
0.0108665 -11.2233
0.0116427 -11.2146
0.0124188 -11.2071
0.013195 -11.2042
0.0139712 -11.2073
0.0147474 -11.213
0.0155235 -11.2191
0.0162997 -11.2252
0.0170759 -11.231
0.0178521 -11.2362
0.0186283 -11.2408
0.0194044 -11.2446
0.0201806 -11.2478
0.0209568 -11.2502
0.021733 -11.252
0.0225091 -11.2532
0.0232853 -11.2539
0.0240615 -11.2541
0.0248377 -11.2539
0.0256138 -11.2533
0.02639 -11.2525
0.0271662 -11.2514
0.0279424 -11.2501
0.0287186 -11.2485
0.0294947 -11.2468
0.0302709 -11.245
0.0310471 -11.243
0.0318233 -11.2408
0.0325994 -11.2386
0.0333756 -11.2363
0.0341518 -11.2339
0.034928 -11.2314
0.0357042 -11.2288
0.0364803 -11.2261
0.0372565 -11.2234
0.0380327 -11.2207
0.0388089 -11.2178
0.039585 -11.215
0.0403612 -11.2121
0.0411374 -11.2091
0.0419136 -11.2061
0.0426897 -11.2031
0.0434659 -11.2001
0.0442421 -11.197
0.0450183 -11.194
0.0457945 -11.1909
0.0465706 -11.1878
0.0473468 -11.1847
0.048123 -11.1816
0.0488992 -11.1785
0.0496753 -11.1754
0.0504515 -11.1723
0.0512277 -11.1692
0.0520039 -11.1662
0.0527801 -11.1631
0.0535562 -11.1601
0.0543324 -11.1572
0.0551086 -11.1543
0.0558848 -11.1514
0.0566609 -11.1485
0.0574371 -11.1458
0.0582133 -11.143
0.0589895 -11.1404
0.0597656 -11.1378
0.0605418 -11.1353
0.061318 -11.1328
0.0620942 -11.1304
0.0628704 -11.1282
0.0636465 -11.126
0.0644227 -11.1239
0.0651989 -11.1219
0.0659751 -11.12
0.0667512 -11.1182
0.0675274 -11.1165
0.0683036 -11.115
0.0690798 -11.1135
0.069856 -11.1122
0.0706321 -11.1111
0.0714083 -11.11
0.0721845 -11.1091
0.0729607 -11.1083
0.0737368 -11.1077
0.074513 -11.1072
0.0752892 -11.1068
0.0760654 -11.1066
0.0768415 -11.1065
0.0768415 -11.1065
0.0776177 -11.1072
0.0783939 -11.1093
0.0791701 -11.1126
0.0799463 -11.1172
0.0807224 -11.1231
0.0814986 -11.1301
0.0822748 -11.1382
0.083051 -11.1473
0.0838271 -11.1573
0.0846033 -11.1682
0.0853795 -11.1799
0.0861557 -11.1923
0.0869319 -11.2054
0.087708 -11.219
0.0884842 -11.2332
0.0892604 -11.2479
0.0900366 -11.263
0.0908127 -11.2786
0.0915889 -11.2945
0.0923651 -11.3108
0.0931413 -11.3273
0.0939174 -11.3442
0.0946936 -11.3613
0.0954698 -11.3787
0.096246 -11.3963
0.0970222 -11.4141
0.0977983 -11.4321
0.0985745 -11.4502
0.0993507 -11.4686
0.100127 -11.487
0.100903 -11.5056
0.101679 -11.5243
0.102455 -11.5431
0.103232 -11.562
0.104008 -11.581
0.104784 -11.6
0.10556 -11.6191
0.106336 -11.6383
0.107112 -11.6575
0.107889 -11.6768
0.108665 -11.696
0.109441 -11.7153
0.110217 -11.7346
0.110993 -11.7539
0.11177 -11.7732
0.112546 -11.7924
0.113322 -11.8116
0.114098 -11.8308
0.114874 -11.8498
0.11565 -11.8687
0.116427 -11.8875
0.117203 -11.9061
0.117979 -11.9245
0.118755 -11.9425
0.119531 -11.9601
0.120307 -11.977
0.121084 -11.9931
0.12186 -12.0079
0.122636 -12.0211
0.123412 -12.0323
0.124188 -12.0412
0.124965 -12.0478
0.125741 -12.0525
0.126517 -12.0557
0.127293 -12.0579
0.128069 -12.0593
0.128845 -12.0601
0.129622 -12.0606
0.130398 -12.0608
0.131174 -12.0608
0.13195 -12.0607
0.132726 -12.0604
0.133502 -12.0601
0.134279 -12.0597
0.135055 -12.0593
0.135831 -12.0588
0.136607 -12.0584
0.137383 -12.0579
0.13816 -12.0574
0.138936 -12.0569
0.139712 -12.0564
0.140488 -12.0559
0.141264 -12.0555
0.14204 -12.055
0.142817 -12.0546
0.143593 -12.0542
0.144369 -12.0538
0.145145 -12.0534
0.145921 -12.0531
0.146697 -12.0527
0.147474 -12.0524
0.14825 -12.0521
0.149026 -12.0518
0.149802 -12.0515
0.150578 -12.0513
0.151355 -12.0511
0.152131 -12.0509
0.152907 -12.0508
0.153683 -12.0508
0.153683 -12.0508
0.154781 -12.0508
0.155878 -12.0507
0.156976 -12.0502
0.158074 -12.0493
0.159171 -12.0482
0.160269 -12.0467
0.161367 -12.0449
0.162465 -12.0429
0.163562 -12.0406
0.16466 -12.038
0.165758 -12.0352
0.166855 -12.032
0.167953 -12.0286
0.169051 -12.0249
0.170148 -12.021
0.171246 -12.0168
0.172344 -12.0123
0.173441 -12.0075
0.174539 -12.0024
0.175637 -11.9971
0.176734 -11.9915
0.177832 -11.9856
0.17893 -11.9794
0.180027 -11.9729
0.181125 -11.9662
0.182223 -11.9591
0.18332 -11.9518
0.184418 -11.9442
0.185516 -11.9362
0.186614 -11.9279
0.187711 -11.9194
0.188809 -11.9105
0.189907 -11.9012
0.191004 -11.8916
0.192102 -11.8817
0.1932 -11.8714
0.194297 -11.8608
0.195395 -11.8498
0.196493 -11.8384
0.19759 -11.8266
0.198688 -11.8145
0.199786 -11.802
0.200883 -11.7892
0.201981 -11.776
0.203079 -11.7626
0.204176 -11.7489
0.205274 -11.735
0.206372 -11.7209
0.207469 -11.7067
0.208567 -11.6924
0.209665 -11.678
0.210762 -11.6635
0.21186 -11.6491
0.212958 -11.6346
0.214056 -11.6203
0.215153 -11.6059
0.216251 -11.5917
0.217349 -11.5775
0.218446 -11.5634
0.219544 -11.5494
0.220642 -11.5355
0.221739 -11.5218
0.222837 -11.5081
0.223935 -11.4946
0.225032 -11.4811
0.22613 -11.4678
0.227228 -11.4546
0.228325 -11.4414
0.229423 -11.4283
0.230521 -11.4153
0.231618 -11.4023
0.232716 -11.3894
0.233814 -11.3765
0.234911 -11.3636
0.236009 -11.3507
0.237107 -11.3379
0.238204 -11.325
0.239302 -11.3121
0.2404 -11.2992
0.241498 -11.2863
0.242595 -11.2735
0.243693 -11.2607
0.244791 -11.248
0.245888 -11.2354
0.246986 -11.223
0.248084 -11.2109
0.249181 -11.1998
0.250279 -11.1941
0.251377 -11.2058
0.252474 -11.2214
0.253572 -11.2368
0.25467 -11.2511
0.255767 -11.2637
0.256865 -11.2744
0.257963 -11.2826
0.25906 -11.2886
0.260158 -11.2923
0.261256 -11.2944
0.262353 -11.2951
0.262353 -11.2951
0.263098 -11.295
0.263842 -11.295
0.264587 -11.2948
0.265331 -11.2947
0.266076 -11.2944
0.26682 -11.2942
0.267564 -11.2938
0.268309 -11.2934
0.269053 -11.293
0.269798 -11.2925
0.270542 -11.292
0.271287 -11.2914
0.272031 -11.2908
0.272775 -11.2901
0.27352 -11.2894
0.274264 -11.2886
0.275009 -11.2877
0.275753 -11.2869
0.276497 -11.2859
0.277242 -11.2849
0.277986 -11.2839
0.278731 -11.2828
0.279475 -11.2817
0.28022 -11.2805
0.280964 -11.2793
0.281708 -11.278
0.282453 -11.2767
0.283197 -11.2753
0.283942 -11.2739
0.284686 -11.2724
0.285431 -11.2709
0.286175 -11.2694
0.286919 -11.2678
0.287664 -11.2661
0.288408 -11.2644
0.289153 -11.2627
0.289897 -11.2609
0.290642 -11.2591
0.291386 -11.2572
0.29213 -11.2553
0.292875 -11.2533
0.293619 -11.2513
0.294364 -11.2493
0.295108 -11.2472
0.295852 -11.2451
0.296597 -11.2429
0.297341 -11.2407
0.298086 -11.2385
0.29883 -11.2362
0.299575 -11.2339
0.300319 -11.2315
0.301063 -11.2291
0.301808 -11.2267
0.302552 -11.2242
0.303297 -11.2217
0.304041 -11.2191
0.304786 -11.2166
0.30553 -11.214
0.306274 -11.2114
0.307019 -11.2109
0.307763 -11.214
0.308508 -11.2172
0.309252 -11.2206
0.309997 -11.224
0.310741 -11.2274
0.311485 -11.2308
0.31223 -11.2343
0.312974 -11.2378
0.313719 -11.2389
0.314463 -11.2355
0.315207 -11.232
0.315952 -11.2285
0.316696 -11.2249
0.317441 -11.2214
0.318185 -11.2177
0.31893 -11.2141
0.319674 -11.2105
0.320418 -11.2068
0.321163 -11.2031
0.321907 -11.1993
0.322652 -11.1956
0.323396 -11.1918
0.324141 -11.188
0.324885 -11.1841
0.325629 -11.1803
0.326374 -11.1764
0.327118 -11.1725
0.327863 -11.1686
0.328607 -11.1647
0.329351 -11.1607
0.330096 -11.1568
0.33084 -11.1528
0.331585 -11.1488
0.332329 -11.1448
0.333074 -11.1408
0.333818 -11.1368
0.334562 -11.1327
0.335307 -11.1287
0.336051 -11.1246
0.336051 -11.1246
0.336827 -11.1243
0.337604 -11.1233
0.33838 -11.1217
0.339156 -11.1197
0.339932 -11.1175
0.340708 -11.1153
0.341485 -11.1133
0.342261 -11.1114
0.343037 -11.1097
0.343813 -11.1082
0.344589 -11.1068
0.345365 -11.1055
0.346142 -11.1043
0.346918 -11.1032
0.347694 -11.1021
0.34847 -11.101
0.349246 -11.0999
0.350022 -11.0988
0.350799 -11.0976
0.351575 -11.0965
0.352351 -11.0953
0.353127 -11.0941
0.353903 -11.0929
0.35468 -11.0916
0.355456 -11.0904
0.356232 -11.089
0.357008 -11.0877
0.357784 -11.0863
0.35856 -11.0849
0.359337 -11.0834
0.360113 -11.0819
0.360889 -11.0804
0.361665 -11.0788
0.362441 -11.0773
0.363218 -11.0756
0.363994 -11.074
0.36477 -11.0723
0.365546 -11.0706
0.366322 -11.0689
0.367098 -11.0671
0.367875 -11.0653
0.368651 -11.0635
0.369427 -11.0617
0.370203 -11.0598
0.370979 -11.058
0.371755 -11.0561
0.372532 -11.0542
0.373308 -11.0523
0.374084 -11.0503
0.37486 -11.0484
0.375636 -11.0465
0.376413 -11.0445
0.377189 -11.0425
0.377965 -11.0406
0.378741 -11.0386
0.379517 -11.0366
0.380293 -11.0347
0.38107 -11.0327
0.381846 -11.0307
0.382622 -11.0288
0.383398 -11.0268
0.384174 -11.0249
0.38495 -11.023
0.385727 -11.0211
0.386503 -11.0192
0.387279 -11.0174
0.388055 -11.0155
0.388831 -11.0137
0.389608 -11.0119
0.390384 -11.0102
0.39116 -11.0085
0.391936 -11.0068
0.392712 -11.0051
0.393488 -11.0035
0.394265 -11.0019
0.395041 -11.0004
0.395817 -10.9989
0.396593 -10.9975
0.397369 -10.9961
0.398145 -10.9947
0.398922 -10.9934
0.399698 -10.9922
0.400474 -10.991
0.40125 -10.9899
0.402026 -10.9888
0.402803 -10.9878
0.403579 -10.9869
0.404355 -10.986
0.405131 -10.9852
0.405907 -10.9845
0.406683 -10.9838
0.40746 -10.9832
0.408236 -10.9826
0.409012 -10.9822
0.409788 -10.9818
0.410564 -10.9815
0.41134 -10.9812
0.412117 -10.981
0.412893 -10.9809
0.412893 -10.9809
0.413669 -10.9815
0.414445 -10.9828
0.415221 -10.9849
0.415998 -10.9878
0.416774 -10.9913
0.41755 -10.9957
0.418326 -11.0006
0.419102 -11.0063
0.419878 -11.0126
0.420655 -11.0194
0.421431 -11.0268
0.422207 -11.0348
0.422983 -11.0432
0.423759 -11.0521
0.424536 -11.0615
0.425312 -11.0712
0.426088 -11.0814
0.426864 -11.0919
0.42764 -11.1027
0.428416 -11.1139
0.429193 -11.1253
0.429969 -11.137
0.430745 -11.149
0.431521 -11.1613
0.432297 -11.1738
0.433073 -11.1864
0.43385 -11.1993
0.434626 -11.2124
0.435402 -11.2257
0.436178 -11.2391
0.436954 -11.2527
0.437731 -11.2665
0.438507 -11.2804
0.439283 -11.2944
0.440059 -11.3085
0.440835 -11.3228
0.441611 -11.3372
0.442388 -11.3516
0.443164 -11.3662
0.44394 -11.3808
0.444716 -11.3955
0.445492 -11.4103
0.446268 -11.4252
0.447045 -11.4401
0.447821 -11.455
0.448597 -11.47
0.449373 -11.485
0.450149 -11.5001
0.450926 -11.5152
0.451702 -11.5303
0.452478 -11.5455
0.453254 -11.5606
0.45403 -11.5758
0.454806 -11.5909
0.455583 -11.6061
0.456359 -11.6212
0.457135 -11.6363
0.457911 -11.6514
0.458687 -11.6665
0.459463 -11.6815
0.46024 -11.6965
0.461016 -11.7115
0.461792 -11.7264
0.462568 -11.7413
0.463344 -11.756
0.464121 -11.7708
0.464897 -11.7854
0.465673 -11.8
0.466449 -11.8144
0.467225 -11.8288
0.468001 -11.8431
0.468778 -11.8572
0.469554 -11.8713
0.47033 -11.8852
0.471106 -11.8989
0.471882 -11.9125
0.472658 -11.9259
0.473435 -11.9391
0.474211 -11.9521
0.474987 -11.9649
0.475763 -11.9775
0.476539 -11.9897
0.477316 -12.0017
0.478092 -12.0134
0.478868 -12.0247
0.479644 -12.0356
0.48042 -12.046
0.481196 -12.056
0.481973 -12.0654
0.482749 -12.0742
0.483525 -12.0823
0.484301 -12.0897
0.485077 -12.0963
0.485854 -12.102
0.48663 -12.1068
0.487406 -12.1105
0.488182 -12.1131
0.488958 -12.1147
0.489734 -12.115
0.489734 -12.115
0.490832 -12.1142
0.49193 -12.1111
0.493027 -12.1058
0.494125 -12.0985
0.495223 -12.0896
0.49632 -12.0791
0.497418 -12.0674
0.498516 -12.0546
0.499614 -12.041
0.500711 -12.0266
0.501809 -12.0117
0.502907 -11.9963
0.504004 -11.9805
0.505102 -11.9645
0.5062 -11.9482
0.507297 -11.9317
0.508395 -11.915
0.509493 -11.8983
0.51059 -11.8815
0.511688 -11.8647
0.512786 -11.8479
0.513883 -11.8311
0.514981 -11.8144
0.516079 -11.7977
0.517176 -11.781
0.518274 -11.7645
0.519372 -11.748
0.520469 -11.7317
0.521567 -11.7155
0.522665 -11.6994
0.523762 -11.6834
0.52486 -11.6676
0.525958 -11.652
0.527056 -11.6365
0.528153 -11.6212
0.529251 -11.6061
0.530349 -11.5911
0.531446 -11.5763
0.532544 -11.5617
0.533642 -11.5473
0.534739 -11.5331
0.535837 -11.5191
0.536935 -11.5053
0.538032 -11.4917
0.53913 -11.4783
0.540228 -11.4651
0.541325 -11.4522
0.542423 -11.4394
0.543521 -11.4269
0.544618 -11.4146
0.545716 -11.4025
0.546814 -11.3906
0.547911 -11.3789
0.549009 -11.3675
0.550107 -11.3563
0.551204 -11.3453
0.552302 -11.3346
0.5534 -11.3241
0.554498 -11.3138
0.555595 -11.3037
0.556693 -11.2939
0.557791 -11.2843
0.558888 -11.275
0.559986 -11.2658
0.561084 -11.257
0.562181 -11.2483
0.563279 -11.2399
0.564377 -11.2318
0.565474 -11.2238
0.566572 -11.2162
0.56767 -11.2088
0.568767 -11.2016
0.569865 -11.1947
0.570963 -11.188
0.57206 -11.1816
0.573158 -11.1754
0.574256 -11.1695
0.575353 -11.1638
0.576451 -11.1584
0.577549 -11.1533
0.578647 -11.1485
0.579744 -11.1439
0.580842 -11.1396
0.58194 -11.1355
0.583037 -11.1318
0.584135 -11.1284
0.585233 -11.1253
0.58633 -11.1225
0.587428 -11.1201
0.588526 -11.118
0.589623 -11.1165
0.590721 -11.1155
0.591819 -11.1152
0.592916 -11.1157
0.594014 -11.1172
0.595112 -11.1195
0.596209 -11.122
0.597307 -11.1239
0.598405 -11.1246
