# Band 08 from P4mcc-bands-soc.dat
# Original plotting-script index j = 7
# Energy column is E - E_F in eV; Fermi level is therefore at 0 eV in these files.
# Columns: k_distance  energy_minus_EF_eV
0 -32.7302
0.000776178 -32.7302
0.00155235 -32.7302
0.00232853 -32.7302
0.00310471 -32.7302
0.00388089 -32.7302
0.00465706 -32.7302
0.00543324 -32.7302
0.00620942 -32.7302
0.0069856 -32.7302
0.00776177 -32.7302
0.00853795 -32.7302
0.00931413 -32.7302
0.0100903 -32.7302
0.0108665 -32.7302
0.0116427 -32.7302
0.0124188 -32.7302
0.013195 -32.7302
0.0139712 -32.7302
0.0147474 -32.7302
0.0155235 -32.7302
0.0162997 -32.7302
0.0170759 -32.7302
0.0178521 -32.7302
0.0186283 -32.7302
0.0194044 -32.7302
0.0201806 -32.7302
0.0209568 -32.7302
0.021733 -32.7302
0.0225091 -32.7302
0.0232853 -32.7302
0.0240615 -32.7302
0.0248377 -32.7303
0.0256138 -32.7303
0.02639 -32.7303
0.0271662 -32.7303
0.0279424 -32.7303
0.0287186 -32.7303
0.0294947 -32.7303
0.0302709 -32.7303
0.0310471 -32.7303
0.0318233 -32.7303
0.0325994 -32.7303
0.0333756 -32.7303
0.0341518 -32.7303
0.034928 -32.7303
0.0357042 -32.7303
0.0364803 -32.7303
0.0372565 -32.7303
0.0380327 -32.7303
0.0388089 -32.7303
0.039585 -32.7303
0.0403612 -32.7303
0.0411374 -32.7303
0.0419136 -32.7303
0.0426897 -32.7303
0.0434659 -32.7303
0.0442421 -32.7303
0.0450183 -32.7303
0.0457945 -32.7303
0.0465706 -32.7303
0.0473468 -32.7303
0.048123 -32.7303
0.0488992 -32.7303
0.0496753 -32.7303
0.0504515 -32.7303
0.0512277 -32.7303
0.0520039 -32.7303
0.0527801 -32.7303
0.0535562 -32.7303
0.0543324 -32.7303
0.0551086 -32.7303
0.0558848 -32.7303
0.0566609 -32.7303
0.0574371 -32.7303
0.0582133 -32.7303
0.0589895 -32.7303
0.0597656 -32.7303
0.0605418 -32.7303
0.061318 -32.7303
0.0620942 -32.7303
0.0628704 -32.7303
0.0636465 -32.7303
0.0644227 -32.7303
0.0651989 -32.7303
0.0659751 -32.7303
0.0667512 -32.7303
0.0675274 -32.7303
0.0683036 -32.7303
0.0690798 -32.7303
0.069856 -32.7303
0.0706321 -32.7303
0.0714083 -32.7303
0.0721845 -32.7303
0.0729607 -32.7303
0.0737368 -32.7303
0.074513 -32.7303
0.0752892 -32.7303
0.0760654 -32.7303
0.0768415 -32.7303
0.0768415 -32.7303
0.0776177 -32.7303
0.0783939 -32.7303
0.0791701 -32.7303
0.0799463 -32.7303
0.0807224 -32.7303
0.0814986 -32.7303
0.0822748 -32.7303
0.083051 -32.7303
0.0838271 -32.7303
0.0846033 -32.7303
0.0853795 -32.7303
0.0861557 -32.7303
0.0869319 -32.7303
0.087708 -32.7303
0.0884842 -32.7303
0.0892604 -32.7303
0.0900366 -32.7303
0.0908127 -32.7303
0.0915889 -32.7303
0.0923651 -32.7303
0.0931413 -32.7303
0.0939174 -32.7303
0.0946936 -32.7303
0.0954698 -32.7303
0.096246 -32.7303
0.0970222 -32.7303
0.0977983 -32.7303
0.0985745 -32.7303
0.0993507 -32.7303
0.100127 -32.7303
0.100903 -32.7303
0.101679 -32.7303
0.102455 -32.7303
0.103232 -32.7303
0.104008 -32.7303
0.104784 -32.7303
0.10556 -32.7303
0.106336 -32.7303
0.107112 -32.7303
0.107889 -32.7303
0.108665 -32.7303
0.109441 -32.7303
0.110217 -32.7303
0.110993 -32.7303
0.11177 -32.7303
0.112546 -32.7303
0.113322 -32.7303
0.114098 -32.7303
0.114874 -32.7303
0.11565 -32.7303
0.116427 -32.7303
0.117203 -32.7303
0.117979 -32.7303
0.118755 -32.7303
0.119531 -32.7303
0.120307 -32.7303
0.121084 -32.7303
0.12186 -32.7303
0.122636 -32.7303
0.123412 -32.7303
0.124188 -32.7303
0.124965 -32.7303
0.125741 -32.7303
0.126517 -32.7303
0.127293 -32.7303
0.128069 -32.7304
0.128845 -32.7304
0.129622 -32.7304
0.130398 -32.7304
0.131174 -32.7304
0.13195 -32.7304
0.132726 -32.7304
0.133502 -32.7304
0.134279 -32.7304
0.135055 -32.7304
0.135831 -32.7304
0.136607 -32.7304
0.137383 -32.7304
0.13816 -32.7304
0.138936 -32.7304
0.139712 -32.7304
0.140488 -32.7304
0.141264 -32.7304
0.14204 -32.7304
0.142817 -32.7304
0.143593 -32.7304
0.144369 -32.7304
0.145145 -32.7304
0.145921 -32.7304
0.146697 -32.7304
0.147474 -32.7304
0.14825 -32.7304
0.149026 -32.7304
0.149802 -32.7304
0.150578 -32.7304
0.151355 -32.7304
0.152131 -32.7304
0.152907 -32.7304
0.153683 -32.7304
0.153683 -32.7304
0.154781 -32.7304
0.155878 -32.7304
0.156976 -32.7304
0.158074 -32.7304
0.159171 -32.7304
0.160269 -32.7304
0.161367 -32.7304
0.162465 -32.7304
0.163562 -32.7304
0.16466 -32.7304
0.165758 -32.7304
0.166855 -32.7304
0.167953 -32.7304
0.169051 -32.7304
0.170148 -32.7304
0.171246 -32.7304
0.172344 -32.7304
0.173441 -32.7304
0.174539 -32.7304
0.175637 -32.7304
0.176734 -32.7304
0.177832 -32.7304
0.17893 -32.7303
0.180027 -32.7303
0.181125 -32.7303
0.182223 -32.7303
0.18332 -32.7303
0.184418 -32.7303
0.185516 -32.7303
0.186614 -32.7303
0.187711 -32.7303
0.188809 -32.7303
0.189907 -32.7303
0.191004 -32.7303
0.192102 -32.7303
0.1932 -32.7303
0.194297 -32.7303
0.195395 -32.7303
0.196493 -32.7303
0.19759 -32.7303
0.198688 -32.7303
0.199786 -32.7303
0.200883 -32.7303
0.201981 -32.7303
0.203079 -32.7303
0.204176 -32.7303
0.205274 -32.7303
0.206372 -32.7303
0.207469 -32.7303
0.208567 -32.7303
0.209665 -32.7303
0.210762 -32.7303
0.21186 -32.7303
0.212958 -32.7303
0.214056 -32.7303
0.215153 -32.7303
0.216251 -32.7303
0.217349 -32.7303
0.218446 -32.7303
0.219544 -32.7303
0.220642 -32.7303
0.221739 -32.7303
0.222837 -32.7303
0.223935 -32.7303
0.225032 -32.7303
0.22613 -32.7303
0.227228 -32.7303
0.228325 -32.7303
0.229423 -32.7303
0.230521 -32.7303
0.231618 -32.7303
0.232716 -32.7303
0.233814 -32.7303
0.234911 -32.7303
0.236009 -32.7303
0.237107 -32.7303
0.238204 -32.7303
0.239302 -32.7303
0.2404 -32.7303
0.241498 -32.7303
0.242595 -32.7303
0.243693 -32.7302
0.244791 -32.7302
0.245888 -32.7302
0.246986 -32.7302
0.248084 -32.7302
0.249181 -32.7302
0.250279 -32.7302
0.251377 -32.7302
0.252474 -32.7302
0.253572 -32.7302
0.25467 -32.7302
0.255767 -32.7302
0.256865 -32.7302
0.257963 -32.7302
0.25906 -32.7302
0.260158 -32.7302
0.261256 -32.7302
0.262353 -32.7302
0.262353 -32.7302
0.263098 -32.7302
0.263842 -32.7302
0.264587 -32.7302
0.265331 -32.7302
0.266076 -32.7302
0.26682 -32.7302
0.267564 -32.7301
0.268309 -32.7301
0.269053 -32.7301
0.269798 -32.73
0.270542 -32.73
0.271287 -32.73
0.272031 -32.7299
0.272775 -32.7298
0.27352 -32.7298
0.274264 -32.7297
0.275009 -32.7297
0.275753 -32.7296
0.276497 -32.7295
0.277242 -32.7294
0.277986 -32.7294
0.278731 -32.7293
0.279475 -32.7292
0.28022 -32.7291
0.280964 -32.729
0.281708 -32.7289
0.282453 -32.7288
0.283197 -32.7287
0.283942 -32.7286
0.284686 -32.7285
0.285431 -32.7283
0.286175 -32.7282
0.286919 -32.7281
0.287664 -32.728
0.288408 -32.7278
0.289153 -32.7277
0.289897 -32.7276
0.290642 -32.7274
0.291386 -32.7273
0.29213 -32.7271
0.292875 -32.727
0.293619 -32.7268
0.294364 -32.7267
0.295108 -32.7265
0.295852 -32.7263
0.296597 -32.7262
0.297341 -32.726
0.298086 -32.7258
0.29883 -32.7256
0.299575 -32.7255
0.300319 -32.7253
0.301063 -32.7251
0.301808 -32.7249
0.302552 -32.7247
0.303297 -32.7245
0.304041 -32.7243
0.304786 -32.7241
0.30553 -32.7239
0.306274 -32.7237
0.307019 -32.7235
0.307763 -32.7233
0.308508 -32.7231
0.309252 -32.7229
0.309997 -32.7227
0.310741 -32.7225
0.311485 -32.7222
0.31223 -32.722
0.312974 -32.7226
0.313719 -32.7236
0.314463 -32.7246
0.315207 -32.7256
0.315952 -32.7267
0.316696 -32.7277
0.317441 -32.7287
0.318185 -32.7298
0.31893 -32.7308
0.319674 -32.7318
0.320418 -32.7329
0.321163 -32.734
0.321907 -32.735
0.322652 -32.7361
0.323396 -32.7372
0.324141 -32.7383
0.324885 -32.7393
0.325629 -32.7404
0.326374 -32.7415
0.327118 -32.7426
0.327863 -32.7437
0.328607 -32.7448
0.329351 -32.7459
0.330096 -32.747
0.33084 -32.7481
0.331585 -32.7492
0.332329 -32.7504
0.333074 -32.7515
0.333818 -32.7526
0.334562 -32.7537
0.335307 -32.7548
0.336051 -32.7559
0.336051 -32.7559
0.336827 -32.7559
0.337604 -32.7559
0.33838 -32.7559
0.339156 -32.7559
0.339932 -32.7559
0.340708 -32.7559
0.341485 -32.7559
0.342261 -32.7559
0.343037 -32.7559
0.343813 -32.7559
0.344589 -32.7559
0.345365 -32.7559
0.346142 -32.7559
0.346918 -32.7559
0.347694 -32.7559
0.34847 -32.7559
0.349246 -32.7559
0.350022 -32.7559
0.350799 -32.7559
0.351575 -32.7559
0.352351 -32.7559
0.353127 -32.7559
0.353903 -32.7559
0.35468 -32.7559
0.355456 -32.7559
0.356232 -32.7559
0.357008 -32.7559
0.357784 -32.7559
0.35856 -32.7559
0.359337 -32.7559
0.360113 -32.7559
0.360889 -32.7559
0.361665 -32.7559
0.362441 -32.7559
0.363218 -32.7559
0.363994 -32.7559
0.36477 -32.7559
0.365546 -32.7559
0.366322 -32.7559
0.367098 -32.7559
0.367875 -32.7559
0.368651 -32.7559
0.369427 -32.7559
0.370203 -32.7559
0.370979 -32.7559
0.371755 -32.7559
0.372532 -32.7559
0.373308 -32.7559
0.374084 -32.7559
0.37486 -32.7559
0.375636 -32.7559
0.376413 -32.7559
0.377189 -32.7559
0.377965 -32.7559
0.378741 -32.7559
0.379517 -32.7559
0.380293 -32.7559
0.38107 -32.7559
0.381846 -32.7559
0.382622 -32.7559
0.383398 -32.7559
0.384174 -32.7559
0.38495 -32.7559
0.385727 -32.7559
0.386503 -32.7559
0.387279 -32.7559
0.388055 -32.7559
0.388831 -32.7559
0.389608 -32.7559
0.390384 -32.7559
0.39116 -32.7559
0.391936 -32.7559
0.392712 -32.7559
0.393488 -32.7559
0.394265 -32.7559
0.395041 -32.7559
0.395817 -32.7559
0.396593 -32.7559
0.397369 -32.7559
0.398145 -32.7559
0.398922 -32.7559
0.399698 -32.7559
0.400474 -32.7559
0.40125 -32.7559
0.402026 -32.7559
0.402803 -32.7559
0.403579 -32.7559
0.404355 -32.7559
0.405131 -32.7559
0.405907 -32.7559
0.406683 -32.7559
0.40746 -32.7559
0.408236 -32.7559
0.409012 -32.7559
0.409788 -32.7559
0.410564 -32.7559
0.41134 -32.7559
0.412117 -32.7559
0.412893 -32.7559
0.412893 -32.7559
0.413669 -32.7559
0.414445 -32.7559
0.415221 -32.7559
0.415998 -32.7559
0.416774 -32.7559
0.41755 -32.7559
0.418326 -32.7559
0.419102 -32.7559
0.419878 -32.7559
0.420655 -32.7559
0.421431 -32.7559
0.422207 -32.7559
0.422983 -32.7559
0.423759 -32.7559
0.424536 -32.7559
0.425312 -32.7559
0.426088 -32.7559
0.426864 -32.7559
0.42764 -32.7559
0.428416 -32.7559
0.429193 -32.7559
0.429969 -32.7559
0.430745 -32.7559
0.431521 -32.7559
0.432297 -32.7559
0.433073 -32.7559
0.43385 -32.7559
0.434626 -32.7559
0.435402 -32.7559
0.436178 -32.7559
0.436954 -32.7559
0.437731 -32.7559
0.438507 -32.7559
0.439283 -32.7559
0.440059 -32.7559
0.440835 -32.7559
0.441611 -32.7559
0.442388 -32.7559
0.443164 -32.7559
0.44394 -32.7559
0.444716 -32.7559
0.445492 -32.7559
0.446268 -32.7559
0.447045 -32.7559
0.447821 -32.7559
0.448597 -32.7559
0.449373 -32.7559
0.450149 -32.7559
0.450926 -32.7559
0.451702 -32.7559
0.452478 -32.7559
0.453254 -32.7559
0.45403 -32.7559
0.454806 -32.7559
0.455583 -32.7559
0.456359 -32.7559
0.457135 -32.7559
0.457911 -32.7559
0.458687 -32.7559
0.459463 -32.7559
0.46024 -32.7559
0.461016 -32.7559
0.461792 -32.7559
0.462568 -32.7559
0.463344 -32.7559
0.464121 -32.7559
0.464897 -32.7559
0.465673 -32.7559
0.466449 -32.7559
0.467225 -32.7559
0.468001 -32.7559
0.468778 -32.7559
0.469554 -32.7559
0.47033 -32.7559
0.471106 -32.7559
0.471882 -32.7559
0.472658 -32.7559
0.473435 -32.7559
0.474211 -32.7559
0.474987 -32.7559
0.475763 -32.7559
0.476539 -32.7559
0.477316 -32.7559
0.478092 -32.7559
0.478868 -32.7559
0.479644 -32.7559
0.48042 -32.7559
0.481196 -32.7559
0.481973 -32.7559
0.482749 -32.7559
0.483525 -32.7559
0.484301 -32.7559
0.485077 -32.7559
0.485854 -32.7559
0.48663 -32.7559
0.487406 -32.7559
0.488182 -32.7559
0.488958 -32.7559
0.489734 -32.7559
0.489734 -32.7559
0.490832 -32.7559
0.49193 -32.7559
0.493027 -32.7559
0.494125 -32.7559
0.495223 -32.7559
0.49632 -32.7559
0.497418 -32.7559
0.498516 -32.7559
0.499614 -32.7559
0.500711 -32.7559
0.501809 -32.7559
0.502907 -32.7559
0.504004 -32.7559
0.505102 -32.7559
0.5062 -32.7559
0.507297 -32.7559
0.508395 -32.7559
0.509493 -32.7559
0.51059 -32.7559
0.511688 -32.7559
0.512786 -32.7559
0.513883 -32.7559
0.514981 -32.7559
0.516079 -32.7559
0.517176 -32.7559
0.518274 -32.7559
0.519372 -32.7559
0.520469 -32.7559
0.521567 -32.7559
0.522665 -32.7559
0.523762 -32.7559
0.52486 -32.7559
0.525958 -32.7559
0.527056 -32.7559
0.528153 -32.7559
0.529251 -32.7559
0.530349 -32.7559
0.531446 -32.7559
0.532544 -32.7559
0.533642 -32.7559
0.534739 -32.7559
0.535837 -32.7559
0.536935 -32.7559
0.538032 -32.7559
0.53913 -32.7559
0.540228 -32.7559
0.541325 -32.7559
0.542423 -32.7559
0.543521 -32.7559
0.544618 -32.7559
0.545716 -32.7559
0.546814 -32.7559
0.547911 -32.7559
0.549009 -32.7559
0.550107 -32.7559
0.551204 -32.7559
0.552302 -32.7559
0.5534 -32.7559
0.554498 -32.7559
0.555595 -32.7559
0.556693 -32.7559
0.557791 -32.7559
0.558888 -32.7559
0.559986 -32.7559
0.561084 -32.7559
0.562181 -32.7559
0.563279 -32.7559
0.564377 -32.7559
0.565474 -32.7559
0.566572 -32.7559
0.56767 -32.7559
0.568767 -32.7559
0.569865 -32.7559
0.570963 -32.7559
0.57206 -32.7559
0.573158 -32.7559
0.574256 -32.7559
0.575353 -32.7559
0.576451 -32.7559
0.577549 -32.7559
0.578647 -32.7559
0.579744 -32.7559
0.580842 -32.7559
0.58194 -32.7559
0.583037 -32.7559
0.584135 -32.7559
0.585233 -32.7559
0.58633 -32.7559
0.587428 -32.7559
0.588526 -32.7559
0.589623 -32.7559
0.590721 -32.7559
0.591819 -32.7559
0.592916 -32.7559
0.594014 -32.7559
0.595112 -32.7559
0.596209 -32.7559
0.597307 -32.7559
0.598405 -32.7559
