# k_distance blue_band_j68_band69_E_minus_EF_eV green_band_j70_band71_E_minus_EF_eV
0 -0.065346 0.608054
0.000776178 -0.065646 0.607954
0.00155235 -0.066746 0.607654
0.00232853 -0.068546 0.607154
0.00310471 -0.071046 0.606454
0.00388089 -0.074246 0.605454
0.00465706 -0.078146 0.604354
0.00543324 -0.082746 0.602954
0.00620942 -0.087946 0.601354
0.0069856 -0.093846 0.599554
0.00776177 -0.100246 0.597454
0.00853795 -0.107346 0.595054
0.00931413 -0.114946 0.592354
0.0100903 -0.123046 0.589454
0.0108665 -0.131646 0.586154
0.0116427 -0.140746 0.582554
0.0124188 -0.150246 0.578654
0.013195 -0.160146 0.574354
0.0139712 -0.170446 0.569754
0.0147474 -0.181046 0.564754
0.0155235 -0.191946 0.559454
0.0162997 -0.203046 0.553654
0.0170759 -0.214346 0.547554
0.0178521 -0.225846 0.541054
0.0186283 -0.237546 0.534054
0.0194044 -0.249246 0.526754
0.0201806 -0.261046 0.519154
0.0209568 -0.272846 0.511054
0.021733 -0.284646 0.502654
0.0225091 -0.296346 0.493854
0.0232853 -0.308046 0.484654
0.0240615 -0.319546 0.475254
0.0248377 -0.330946 0.465554
0.0256138 -0.342046 0.455554
0.02639 -0.353046 0.445354
0.0271662 -0.363746 0.435054
0.0279424 -0.374246 0.424554
0.0287186 -0.384446 0.413954
0.0294947 -0.394346 0.403254
0.0302709 -0.403946 0.392654
0.0310471 -0.413246 0.382054
0.0318233 -0.422246 0.371654
0.0325994 -0.430946 0.361454
0.0333756 -0.439446 0.351454
0.0341518 -0.447646 0.341754
0.034928 -0.455546 0.332554
0.0357042 -0.463246 0.323754
0.0364803 -0.470746 0.315454
0.0372565 -0.478146 0.307854
0.0380327 -0.485346 0.300854
0.0388089 -0.492346 0.294654
0.039585 -0.499246 0.289254
0.0403612 -0.505946 0.284654
0.0411374 -0.512546 0.281054
0.0419136 -0.518846 0.278354
0.0426897 -0.524846 0.276654
0.0434659 -0.530646 0.275854
0.0442421 -0.535946 0.276254
0.0450183 -0.540846 0.277554
0.0457945 -0.545146 0.279854
0.0465706 -0.549046 0.283254
0.0473468 -0.552246 0.287654
0.048123 -0.555046 0.292954
0.0488992 -0.557246 0.299154
0.0496753 -0.558846 0.306354
0.0504515 -0.560046 0.314354
0.0512277 -0.560846 0.323154
0.0520039 -0.561346 0.332654
0.0527801 -0.561446 0.342854
0.0535562 -0.561246 0.353754
0.0543324 -0.560746 0.365054
0.0551086 -0.560046 0.376754
0.0558848 -0.559246 0.388654
0.0566609 -0.558246 0.400254
0.0574371 -0.557046 0.409954
0.0582133 -0.555846 0.414754
0.0589895 -0.554446 0.413654
0.0597656 -0.553046 0.409554
0.0605418 -0.551646 0.404654
0.061318 -0.550046 0.399454
0.0620942 -0.548546 0.394354
0.0628704 -0.546946 0.389354
0.0636465 -0.545446 0.384654
0.0644227 -0.543846 0.380254
0.0651989 -0.542346 0.376254
0.0659751 -0.540846 0.372454
0.0667512 -0.539446 0.369154
0.0675274 -0.538046 0.366154
0.0683036 -0.536746 0.363654
0.0690798 -0.535446 0.361554
0.069856 -0.534246 0.359754
0.0706321 -0.533146 0.358454
0.0714083 -0.532246 0.357454
0.0721845 -0.531346 0.356854
0.0729607 -0.530546 0.356554
0.0737368 -0.529946 0.356454
0.074513 -0.529446 0.356554
0.0752892 -0.529146 0.356654
0.0760654 -0.528846 0.356754
0.0768415 -0.528846 0.356754
0.0768415 -0.528846 0.356754
0.0776177 -0.528646 0.356054
0.0783939 -0.528346 0.353654
0.0791701 -0.527746 0.349154
0.0799463 -0.526846 0.341454
0.0807224 -0.525846 0.329754
0.0814986 -0.524546 0.313754
0.0822748 -0.522946 0.293854
0.083051 -0.521246 0.271054
0.0838271 -0.519346 0.246154
0.0846033 -0.517146 0.219754
0.0853795 -0.514846 0.192354
0.0861557 -0.512446 0.164154
0.0869319 -0.509846 0.135654
0.087708 -0.507146 0.106754
0.0884842 -0.504446 0.077754
0.0892604 -0.501646 0.048754
0.0900366 -0.498846 0.019854
0.0908127 -0.496146 -0.00874602
0.0915889 -0.493646 -0.037046
0.0923651 -0.491346 -0.064946
0.0931413 -0.489346 -0.092246
0.0939174 -0.487846 -0.118746
0.0946936 -0.486946 -0.144446
0.0954698 -0.486746 -0.169046
0.096246 -0.487646 -0.192246
0.0970222 -0.489846 -0.213846
0.0977983 -0.493646 -0.233546
0.0985745 -0.499246 -0.251046
0.0993507 -0.506946 -0.266146
0.100127 -0.516946 -0.278546
0.100903 -0.529146 -0.288346
0.101679 -0.543446 -0.295746
0.102455 -0.559646 -0.300846
0.103232 -0.577246 -0.304146
0.104008 -0.596146 -0.305746
0.104784 -0.615846 -0.306146
0.10556 -0.636246 -0.305546
0.106336 -0.656946 -0.304046
0.107112 -0.677846 -0.301946
0.107889 -0.698846 -0.299346
0.108665 -0.719746 -0.296346
0.109441 -0.740346 -0.292946
0.110217 -0.760646 -0.289246
0.110993 -0.780446 -0.285346
0.11177 -0.799646 -0.281246
0.112546 -0.817946 -0.277046
0.113322 -0.835246 -0.272646
0.114098 -0.851346 -0.268246
0.114874 -0.865946 -0.263646
0.11565 -0.879046 -0.259046
0.116427 -0.890646 -0.254346
0.117203 -0.900846 -0.249646
0.117979 -0.909946 -0.244846
0.118755 -0.918146 -0.240146
0.119531 -0.925546 -0.235346
0.120307 -0.932546 -0.230546
0.121084 -0.939046 -0.225746
0.12186 -0.945446 -0.220946
0.122636 -0.951546 -0.216146
0.123412 -0.957646 -0.211346
0.124188 -0.963646 -0.206646
0.124965 -0.969646 -0.201946
0.125741 -0.975646 -0.197246
0.126517 -0.981646 -0.192646
0.127293 -0.987746 -0.188146
0.128069 -0.993846 -0.183546
0.128845 -1.00005 -0.179146
0.129622 -1.00625 -0.174746
0.130398 -1.01255 -0.170446
0.131174 -1.01895 -0.166246
0.13195 -1.02545 -0.162046
0.132726 -1.03195 -0.157946
0.133502 -1.03855 -0.154046
0.134279 -1.04515 -0.150146
0.135055 -1.05175 -0.146346
0.135831 -1.05845 -0.142746
0.136607 -1.06515 -0.139146
0.137383 -1.07175 -0.135746
0.13816 -1.07845 -0.132446
0.138936 -1.08505 -0.129246
0.139712 -1.09165 -0.126246
0.140488 -1.09805 -0.123346
0.141264 -1.10435 -0.120546
0.14204 -1.11055 -0.117946
0.142817 -1.11665 -0.115446
0.143593 -1.12245 -0.113146
0.144369 -1.12805 -0.110946
0.145145 -1.13335 -0.108946
0.145921 -1.13835 -0.107046
0.146697 -1.14305 -0.105346
0.147474 -1.14735 -0.103846
0.14825 -1.15125 -0.102546
0.149026 -1.15465 -0.101346
0.149802 -1.15765 -0.100346
0.150578 -1.16015 -0.099546
0.151355 -1.16205 -0.098946
0.152131 -1.16345 -0.098446
0.152907 -1.16435 -0.098246
0.153683 -1.16455 -0.098146
0.153683 -1.16455 -0.098146
0.154781 -1.16405 -0.098246
0.155878 -1.16235 -0.098846
0.156976 -1.15955 -0.099746
0.158074 -1.15555 -0.100946
0.159171 -1.15055 -0.102646
0.160269 -1.14445 -0.104546
0.161367 -1.13725 -0.106746
0.162465 -1.12905 -0.109346
0.163562 -1.11985 -0.112246
0.16466 -1.10975 -0.115346
0.165758 -1.09865 -0.118746
0.166855 -1.08655 -0.122446
0.167953 -1.07355 -0.126246
0.169051 -1.05965 -0.130346
0.170148 -1.04485 -0.134546
0.171246 -1.02915 -0.138946
0.172344 -1.01265 -0.143446
0.173441 -0.995146 -0.147946
0.174539 -0.976846 -0.152646
0.175637 -0.957746 -0.157346
0.176734 -0.937746 -0.161946
0.177832 -0.916946 -0.166646
0.17893 -0.895546 -0.171146
0.180027 -0.873346 -0.175546
0.181125 -0.850546 -0.179746
0.182223 -0.827346 -0.183746
0.18332 -0.803746 -0.187346
0.184418 -0.779846 -0.190546
0.185516 -0.755846 -0.193246
0.186614 -0.731946 -0.195346
0.187711 -0.708346 -0.196746
0.188809 -0.685246 -0.197146
0.189907 -0.662946 -0.196546
0.191004 -0.641546 -0.194746
0.192102 -0.621446 -0.191546
0.1932 -0.602846 -0.186746
0.194297 -0.585946 -0.180246
0.195395 -0.571046 -0.171846
0.196493 -0.558246 -0.161546
0.19759 -0.547546 -0.149346
0.198688 -0.538946 -0.135346
0.199786 -0.532346 -0.119646
0.200883 -0.527746 -0.102546
0.201981 -0.524846 -0.084246
0.203079 -0.523546 -0.064946
0.204176 -0.523546 -0.044946
0.205274 -0.524846 -0.024546
0.206372 -0.527046 -0.00394602
0.207469 -0.530246 0.016854
0.208567 -0.534146 0.037454
0.209665 -0.538746 0.057854
0.210762 -0.543946 0.077954
0.21186 -0.549646 0.097654
0.212958 -0.555746 0.116854
0.214056 -0.562246 0.135654
0.215153 -0.569146 0.153954
0.216251 -0.576246 0.171754
0.217349 -0.583646 0.189154
0.218446 -0.591246 0.206054
0.219544 -0.599046 0.222654
0.220642 -0.606946 0.238854
0.221739 -0.615046 0.254854
0.222837 -0.623246 0.270554
0.223935 -0.631446 0.286154
0.225032 -0.639546 0.301454
0.22613 -0.647546 0.316754
0.227228 -0.654746 0.331854
0.228325 -0.657946 0.346754
0.229423 -0.640146 0.361654
0.230521 -0.609346 0.376454
0.231618 -0.577146 0.391054
0.232716 -0.545146 0.405454
0.233814 -0.513646 0.419754
0.234911 -0.482746 0.433754
0.236009 -0.452646 0.447554
0.237107 -0.423346 0.460954
0.238204 -0.394846 0.474054
0.239302 -0.367346 0.486754
0.2404 -0.340746 0.498954
0.241498 -0.315146 0.510554
0.242595 -0.290646 0.521654
0.243693 -0.267246 0.532054
0.244791 -0.244946 0.541854
0.245888 -0.223746 0.550854
0.246986 -0.203846 0.559154
0.248084 -0.185146 0.566754
0.249181 -0.167746 0.573654
0.250279 -0.151646 0.579754
0.251377 -0.136846 0.585154
0.252474 -0.123346 0.589954
0.253572 -0.111246 0.594054
0.25467 -0.100546 0.597554
0.255767 -0.091246 0.600454
0.256865 -0.083346 0.602854
0.257963 -0.076846 0.604754
0.25906 -0.071846 0.606254
0.260158 -0.068246 0.607254
0.261256 -0.066046 0.607854
0.262353 -0.065346 0.608054
0.262353 -0.065346 0.608054
0.263098 -0.065446 0.607954
0.263842 -0.065846 0.607854
0.264587 -0.066446 0.607554
0.265331 -0.067346 0.607254
0.266076 -0.068546 0.606854
0.26682 -0.069946 0.606354
0.267564 -0.071646 0.605754
0.268309 -0.073546 0.605054
0.269053 -0.075746 0.604354
0.269798 -0.078146 0.603554
0.270542 -0.080846 0.602654
0.271287 -0.083746 0.601754
0.272031 -0.086946 0.600754
0.272775 -0.090346 0.599754
0.27352 -0.093946 0.598654
0.274264 -0.097846 0.597554
0.275009 -0.101946 0.596454
0.275753 -0.106346 0.595354
0.276497 -0.110946 0.594254
0.277242 -0.115746 0.593254
0.277986 -0.120746 0.592154
0.278731 -0.125946 0.591154
0.279475 -0.131446 0.590154
0.28022 -0.137046 0.589154
0.280964 -0.142946 0.588254
0.281708 -0.149046 0.587454
0.282453 -0.155346 0.586654
0.283197 -0.161746 0.585954
0.283942 -0.168446 0.585354
0.284686 -0.175346 0.584854
0.285431 -0.182346 0.584454
0.286175 -0.189546 0.584154
0.286919 -0.196946 0.583954
0.287664 -0.204546 0.583854
0.288408 -0.212346 0.583854
0.289153 -0.220246 0.584054
0.289897 -0.228346 0.584354
0.290642 -0.236546 0.584754
0.291386 -0.244946 0.585354
0.29213 -0.253546 0.586054
0.292875 -0.262246 0.586954
0.293619 -0.271046 0.587954
0.294364 -0.280046 0.589154
0.295108 -0.289246 0.590354
0.295852 -0.298546 0.591854
0.296597 -0.307946 0.593454
0.297341 -0.317446 0.595154
0.298086 -0.327146 0.596954
0.29883 -0.336946 0.598954
0.299575 -0.346946 0.601054
0.300319 -0.357046 0.603254
0.301063 -0.367146 0.605654
0.301808 -0.377546 0.608054
0.302552 -0.387946 0.610554
0.303297 -0.398446 0.613154
0.304041 -0.393046 0.615754
0.304786 -0.380446 0.618454
0.30553 -0.367646 0.621154
0.306274 -0.354746 0.623854
0.307019 -0.341646 0.626454
0.307763 -0.328346 0.629054
0.308508 -0.314846 0.631554
0.309252 -0.301246 0.633754
0.309997 -0.287446 0.635854
0.310741 -0.273446 0.637754
0.311485 -0.259346 0.639254
0.31223 -0.245046 0.640354
0.312974 -0.230546 0.640954
0.313719 -0.215946 0.641054
0.314463 -0.201146 0.640454
0.315207 -0.186146 0.639154
0.315952 -0.171046 0.637054
0.316696 -0.155746 0.634054
0.317441 -0.140346 0.630054
0.318185 -0.124746 0.625054
0.31893 -0.108946 0.618954
0.319674 -0.093046 0.611754
0.320418 -0.077046 0.603554
0.321163 -0.060846 0.594254
0.321907 -0.044546 0.584054
0.322652 -0.028046 0.572854
0.323396 -0.011546 0.560754
0.324141 0.00525398 0.547854
0.324885 0.022054 0.534254
0.325629 0.039054 0.520054
0.326374 0.056054 0.505254
0.327118 0.073254 0.489954
0.327863 0.090554 0.474154
0.328607 0.107954 0.458054
0.329351 0.125454 0.441654
0.330096 0.142954 0.424854
0.33084 0.160554 0.407954
0.331585 0.178254 0.390754
0.332329 0.195954 0.373354
0.333074 0.213754 0.355854
0.333818 0.231554 0.338254
0.334562 0.249454 0.320654
0.335307 0.267254 0.302854
0.336051 0.285054 0.285054
0.336051 0.285054 0.285054
0.336827 0.284454 0.285554
0.337604 0.283854 0.286054
0.33838 0.283154 0.286354
0.339156 0.282454 0.286654
0.339932 0.281654 0.286954
0.340708 0.280854 0.287054
0.341485 0.279954 0.287154
0.342261 0.278954 0.287154
0.343037 0.277954 0.287054
0.343813 0.276954 0.286854
0.344589 0.275854 0.286554
0.345365 0.274654 0.286154
0.346142 0.273454 0.285554
0.346918 0.272254 0.284954
0.347694 0.270854 0.284154
0.34847 0.269554 0.283154
0.349246 0.268054 0.282154
0.350022 0.266554 0.280854
0.350799 0.264954 0.279554
0.351575 0.263354 0.277954
0.352351 0.261554 0.276254
0.353127 0.259754 0.274354
0.353903 0.257954 0.272254
0.35468 0.255954 0.270054
0.355456 0.253854 0.267654
0.356232 0.251754 0.264954
0.357008 0.249554 0.262154
0.357784 0.247254 0.259054
0.35856 0.244754 0.255854
0.359337 0.242254 0.252454
0.360113 0.239654 0.248754
0.360889 0.236954 0.244954
0.361665 0.234154 0.240954
0.362441 0.231254 0.236754
0.363218 0.228154 0.232254
0.363994 0.225054 0.227654
0.36477 0.221854 0.222954
0.365546 0.217954 0.218454
0.366322 0.212854 0.215054
0.367098 0.207554 0.211454
0.367875 0.202154 0.207854
0.368651 0.196654 0.204054
0.369427 0.190954 0.200254
0.370203 0.185254 0.196354
0.370979 0.179354 0.192354
0.371755 0.173454 0.188254
0.372532 0.167554 0.184154
0.373308 0.161554 0.179954
0.374084 0.155554 0.175754
0.37486 0.149554 0.171454
0.375636 0.143554 0.167154
0.376413 0.137554 0.162854
0.377189 0.131754 0.158654
0.377965 0.125954 0.154354
0.378741 0.120354 0.150154
0.379517 0.114854 0.146054
0.380293 0.109454 0.142054
0.38107 0.104354 0.138154
0.381846 0.099454 0.134454
0.382622 0.094854 0.130854
0.383398 0.090454 0.127454
0.384174 0.086454 0.124254
0.38495 0.082754 0.121354
0.385727 0.079454 0.118754
0.386503 0.076554 0.116454
0.387279 0.074154 0.114554
0.388055 0.072154 0.112954
0.388831 0.070654 0.111754
0.389608 0.069754 0.111054
0.390384 0.069354 0.110854
0.39116 0.069554 0.111054
0.391936 0.070454 0.111754
0.392712 0.071854 0.113054
0.393488 0.073954 0.114854
0.394265 0.076754 0.117254
0.395041 0.080154 0.120254
0.395817 0.084254 0.123754
0.396593 0.088954 0.127954
0.397369 0.094354 0.132654
0.398145 0.100354 0.137854
0.398922 0.107054 0.143754
0.399698 0.114354 0.150154
0.400474 0.122254 0.157054
0.40125 0.130654 0.164454
0.402026 0.139654 0.172254
0.402803 0.149054 0.180554
0.403579 0.158954 0.189254
0.404355 0.169254 0.198254
0.405131 0.179854 0.207554
0.405907 0.190754 0.217054
0.406683 0.201854 0.226554
0.40746 0.212954 0.236154
0.408236 0.224154 0.245454
0.409012 0.235054 0.254354
0.409788 0.245654 0.262554
0.410564 0.255454 0.269354
0.41134 0.264154 0.274254
0.412117 0.271054 0.276454
0.412893 0.275254 0.275354
0.412893 0.275254 0.275354
0.413669 0.270954 0.279954
0.414445 0.266854 0.284754
0.415221 0.262954 0.289754
0.415998 0.259254 0.294754
0.416774 0.255854 0.299454
0.41755 0.252554 0.303654
0.418326 0.249354 0.306654
0.419102 0.246254 0.307654
0.419878 0.243254 0.306254
0.420655 0.240254 0.302954
0.421431 0.237154 0.298454
0.422207 0.234054 0.293054
0.422983 0.230754 0.287154
0.423759 0.227354 0.280954
0.424536 0.223754 0.274454
0.425312 0.219954 0.267854
0.426088 0.216054 0.261154
0.426864 0.211854 0.254354
0.42764 0.207454 0.247454
0.428416 0.202854 0.240554
0.429193 0.198054 0.233554
0.429969 0.192954 0.226554
0.430745 0.187654 0.219454
0.431521 0.182154 0.212354
0.432297 0.176554 0.205254
0.433073 0.170654 0.198054
0.43385 0.164554 0.190954
0.434626 0.158354 0.183654
0.435402 0.151854 0.176354
0.436178 0.145254 0.169054
0.436954 0.138554 0.161754
0.437731 0.131654 0.154354
0.438507 0.124554 0.146854
0.439283 0.117354 0.139354
0.440059 0.110054 0.131754
0.440835 0.102554 0.124154
0.441611 0.094954 0.116454
0.442388 0.087254 0.108754
0.443164 0.079454 0.100954
0.44394 0.071454 0.093054
0.444716 0.063454 0.085054
0.445492 0.055354 0.077054
0.446268 0.047054 0.069054
0.447045 0.038754 0.060854
0.447821 0.030454 0.052654
0.448597 0.021954 0.044454
0.449373 0.013454 0.036054
0.450149 0.00485398 0.027754
0.450926 -0.00374602 0.019254
0.451702 -0.012446 0.010854
0.452478 -0.021146 0.00225398
0.453254 -0.029846 -0.00624602
0.45403 -0.038646 -0.014846
0.454806 -0.047346 -0.023446
0.455583 -0.056146 -0.032146
0.456359 -0.064846 -0.040846
0.457135 -0.073646 -0.049446
0.457911 -0.082346 -0.058146
0.458687 -0.091046 -0.066846
0.459463 -0.099746 -0.075546
0.46024 -0.108346 -0.084246
0.461016 -0.116846 -0.092846
0.461792 -0.125346 -0.101446
0.462568 -0.133746 -0.109946
0.463344 -0.142146 -0.118446
0.464121 -0.150346 -0.126946
0.464897 -0.158446 -0.135346
0.465673 -0.166446 -0.143546
0.466449 -0.174346 -0.151746
0.467225 -0.182046 -0.159846
0.468001 -0.189646 -0.167846
0.468778 -0.197146 -0.175746
0.469554 -0.204346 -0.183446
0.47033 -0.211446 -0.191046
0.471106 -0.218346 -0.198446
0.471882 -0.225046 -0.205746
0.472658 -0.231546 -0.212746
0.473435 -0.237846 -0.219646
0.474211 -0.243846 -0.226346
0.474987 -0.249646 -0.232846
0.475763 -0.255246 -0.239046
0.476539 -0.260446 -0.245046
0.477316 -0.265546 -0.250846
0.478092 -0.270246 -0.256346
0.478868 -0.274646 -0.261646
0.479644 -0.278846 -0.266646
0.48042 -0.282646 -0.271246
0.481196 -0.286146 -0.275646
0.481973 -0.289346 -0.279746
0.482749 -0.292246 -0.283546
0.483525 -0.294746 -0.286946
0.484301 -0.296946 -0.290146
0.485077 -0.298746 -0.292846
0.485854 -0.300246 -0.295346
0.48663 -0.301346 -0.297446
0.487406 -0.302146 -0.299146
0.488182 -0.302546 -0.300546
0.488958 -0.302546 -0.301546
0.489734 -0.302246 -0.302246
0.489734 -0.302246 -0.302246
0.490832 -0.302646 -0.301246
0.49193 -0.302246 -0.299446
0.493027 -0.301146 -0.296946
0.494125 -0.299346 -0.293746
0.495223 -0.296846 -0.289846
0.49632 -0.293746 -0.285246
0.497418 -0.289846 -0.280046
0.498516 -0.285446 -0.274146
0.499614 -0.280446 -0.267646
0.500711 -0.274846 -0.260646
0.501809 -0.268646 -0.253046
0.502907 -0.262046 -0.244946
0.504004 -0.254846 -0.236346
0.505102 -0.247246 -0.227346
0.5062 -0.239246 -0.217946
0.507297 -0.230946 -0.208246
0.508395 -0.222246 -0.198146
0.509493 -0.213246 -0.187846
0.51059 -0.203946 -0.177346
0.511688 -0.194546 -0.166646
0.512786 -0.184946 -0.155846
0.513883 -0.175146 -0.144946
0.514981 -0.165346 -0.134146
0.516079 -0.155446 -0.123246
0.517176 -0.145646 -0.112446
0.518274 -0.135846 -0.101746
0.519372 -0.126146 -0.091146
0.520469 -0.116646 -0.080846
0.521567 -0.107346 -0.070746
0.522665 -0.098346 -0.060946
0.523762 -0.089646 -0.051546
0.52486 -0.081246 -0.042446
0.525958 -0.073246 -0.033746
0.527056 -0.065746 -0.025446
0.528153 -0.058646 -0.017646
0.529251 -0.052146 -0.010346
0.530349 -0.046046 -0.00344602
0.531446 -0.040546 0.00285398
0.532544 -0.035546 0.00875398
0.533642 -0.030946 0.014154
0.534739 -0.026846 0.019154
0.535837 -0.023146 0.023754
0.536935 -0.019746 0.028054
0.538032 -0.016446 0.031954
0.53913 -0.013346 0.035754
0.540228 -0.010246 0.039454
0.541325 -0.00694602 0.043154
0.542423 -0.00334602 0.046854
0.543521 0.00055398 0.050754
0.544618 0.00495398 0.054854
0.545716 0.00985398 0.059254
0.546814 0.015454 0.063954
0.547911 0.021654 0.069054
0.549009 0.028554 0.074554
0.550107 0.036154 0.080554
0.551204 0.044354 0.086854
0.552302 0.053154 0.093654
0.5534 0.062554 0.100654
0.554498 0.072454 0.108054
0.555595 0.082654 0.115654
0.556693 0.093254 0.123354
0.557791 0.104054 0.131254
0.558888 0.115054 0.139254
0.559986 0.126054 0.147154
0.561084 0.137054 0.155154
0.562181 0.147954 0.162954
0.563279 0.158654 0.170554
0.564377 0.169154 0.178054
0.565474 0.179254 0.185254
0.566572 0.189054 0.192254
0.56767 0.198454 0.199054
0.568767 0.205454 0.207454
0.569865 0.211654 0.215954
0.570963 0.217454 0.223854
0.57206 0.222954 0.231354
0.573158 0.228154 0.238354
0.574256 0.233054 0.244754
0.575353 0.237654 0.250654
0.576451 0.241954 0.255954
0.577549 0.245954 0.260854
0.578647 0.249754 0.265154
0.579744 0.253254 0.269054
0.580842 0.256454 0.272454
0.58194 0.259554 0.275454
0.583037 0.262354 0.278054
0.584135 0.264954 0.280254
0.585233 0.267354 0.282154
0.58633 0.269554 0.283654
0.587428 0.271654 0.284854
0.588526 0.273554 0.285754
0.589623 0.275254 0.286454
0.590721 0.276954 0.286954
0.591819 0.278454 0.287154
0.592916 0.279854 0.287154
0.594014 0.281054 0.287054
0.595112 0.282254 0.286754
0.596209 0.283254 0.286354
0.597307 0.284254 0.285754
0.598405 0.285054 0.285054
